10000
4 7340
6 279224
6 584503
2 54
7 0036672
10 1551076437
9 736581780
9 384062499
6 488853
8 42188914
3 015
4 6372
5 82847
2 79
6 510702
8 17555466
4 5969
7 9091289
7 4462158
2 06
4 2616
4 4399
2 87
2 00
10 2029393645
3 947
10 1313000965
10 0035822016
9 494191870
8 69929204
9 968044744
8 05193318
2 13
4 1185
6 963203
6 796702
2 39
8 84642920
7 2377055
3 567
2 88
6 525065
10 1487364537
2 69
2 29
9 247291683
7 3418648
7 9559838
5 85960
8 42068585
8 28078619
4 7687
9 762179092
5 61288
3 080
8 41359552
4 5073
2 25
2 50
8 21238721
5 81973
7 2865205
8 73531757
3 335
7 2998771
7 9099585
9 942621559
9 189326452
6 330584
9 094389502
6 940948
7 3284037
4 6375
8 93391984
6 957013
3 210
7 8193814
6 855960
8 38296163
2 94
4 7215
6 405029
3 556
8 14722129
5 35575
10 0712696156
6 893390
5 18897
3 860
7 6490543
4 0644
3 212
3 873
9 711326382
2 19
9 024958675
10 0504610660
5 73512
4 1539
5 12356
9 317239976
5 39989
9 885305058
7 4209484
8 41918825
3 495
5 96485
5 93927
9 720983231
3 098
6 155390
10 1168136436
9 054033831
5 78618
9 112121941
7 7925188
9 556915839
7 9011636
5 73120
5 47871
9 336437500
6 201414
8 06830426
6 198047
7 4864708
2 60
2 23
4 8853
10 1094660797
10 1815291528
10 1978404798
2 60
10 0113030950
3 590
5 26469
9 709896016
9 029026827
3 658
8 55741828
10 1416187263
8 67654555
4 9339
8 71836171
6 363985
8 31292015
3 411
4 4934
3 506
8 14711472
10 0554956306
7 1195557
9 288034615
9 549982457
8 03628694
3 331
7 8847174
3 632
4 9065
10 1527501057
5 67124
7 7751267
9 073522590
6 185659
7 3624789
9 466262545
7 5051425
2 22
5 29543
5 51315
10 0039205569
3 547
4 2885
10 2075075608
2 36
10 0753254056
10 0118918793
5 24996
10 0385210581
5 63184
5 24138
3 170
5 16535
5 61605
7 1880224
6 920669
9 258023622
6 654888
6 835748
2 61
8 74339865
5 59545
4 3245
4 6394
6 327900
6 495548
8 56638011
9 843343954
5 76364
4 6978
5 51183
10 1708342382
10 1210565215
2 17
5 60471
8 77815048
9 785843100
6 875347
9 426191838
9 489436523
4 4024
8 86588129
8 65909495
7 5012935
3 995
6 058799
5 83912
4 2688
2 56
6 482795
2 89
4 8315
3 789
6 070387
4 8109
7 8716718
2 86
4 6873
4 3283
4 3392
5 46073
6 861512
5 76077
7 5928169
9 848593611
5 98860
3 160
6 822241
3 191
9 006910930
6 432243
7 7860137
6 965200
9 046801463
5 79523
10 0141658465
3 103
10 1829688286
10 1222610530
6 559414
6 543772
5 48693
4 8155
6 999234
4 9915
4 3350
4 0517
8 79332440
7 5493202
3 552
5 67814
3 675
2 46
8 49896099
5 52121
5 96370
10 2012346492
9 300981177
4 8703
5 66345
2 80
8 87057129
4 9535
8 24545866
8 97556176
2 67
5 78139
2 08
9 811298508
2 63
9 729568577
6 179226
8 31193501
7 5292421
4 3519
2 75
3 814
4 6949
9 329450225
7 3019790
4 1938
3 743
5 63504
7 3539916
8 02527715
2 45
7 9524068
10 1426527714
7 4434031
3 126
2 53
8 22220702
4 3957
3 472
3 820
3 287
2 25
7 3827892
5 91035
4 5794
6 259791
5 31395
5 48415
2 82
8 81295596
4 6348
9 504173562
6 029973
4 4703
8 72904406
2 60
5 99337
9 392394076
9 493820767
9 885011390
3 566
10 1229090404
2 94
7 6443422
10 0635853969
10 1402699436
7 5378923
6 487369
5 03222
5 38694
2 51
6 658025
8 46041444
3 922
5 69917
5 61476
9 011817199
8 04307148
4 3404
5 10473
5 22292
9 896354043
7 9615612
6 342816
10 2043116188
7 3959166
8 37785969
9 621533532
4 1997
8 28722328
8 76581471
9 719811102
4 2036
10 2038303615
7 9901525
3 518
7 3540350
6 357738
3 678
7 8491148
7 4498417
4 1410
8 24100209
5 44503
2 00
2 26
3 987
8 93819594
9 447268883
6 027168
10 0730470002
4 0579
5 68599
3 666
4 5223
2 96
4 6832
7 1500730
3 552
7 5591953
10 1832512064
5 81576
10 1694533059
2 79
8 62940733
4 8704
9 136086985
7 2453792
6 583952
6 554214
10 1485342977
4 5520
7 6765320
10 1785789555
8 40631484
5 79876
10 1487796639
4 5304
7 3862624
8 29164346
6 060382
5 46796
8 47768685
6 535655
3 399
8 25138164
5 05283
9 613728889
8 12126287
6 189827
10 1415932657
7 0934023
5 31157
6 091700
9 326008114
8 57529842
5 41800
6 248567
6 477227
4 9474
9 091390444
3 706
10 1400857675
9 583482683
5 56096
5 58085
10 1287458567
9 131050755
6 530492
10 0380016209
9 447431205
6 639807
3 689
4 3490
8 53188949
8 61179598
4 3306
3 474
5 60604
2 95
2 72
6 221806
4 0545
8 63860367
4 1368
8 61355995
8 81422627
2 78
10 1702400529
3 289
7 2031088
6 685224
4 5896
6 231728
5 67208
10 1644039553
8 93065108
10 0575117224
4 0273
4 3042
9 282854168
3 567
10 1409037544
3 816
4 4270
2 56
8 77455698
4 9753
9 904838531
5 40799
10 1166190858
8 08885023
3 415
3 972
2 91
6 522682
6 302756
4 9858
7 1528450
9 817811078
4 6485
4 4431
2 67
8 37886481
10 1373632018
2 41
7 3723984
3 547
8 65713764
9 928239440
7 4496885
5 93018
6 694427
10 1090656295
7 3483903
5 31950
4 5060
5 81627
9 577196918
10 1042476277
8 36211741
2 17
2 34
8 33666830
2 83
3 357
6 217449
5 28462
8 45816604
6 651106
9 705968483
8 12713600
10 0751635790
10 0279844474
8 19679688
10 1132177997
3 521
5 59860
7 7658578
7 4849506
4 2016
2 33
9 467383943
4 7694
5 48905
3 406
10 0240194561
9 037873635
6 726234
4 9412
3 212
3 056
7 5736275
5 16541
4 9310
6 601718
4 2614
9 577447144
8 57368848
3 456
4 6343
9 408467846
8 51851869
2 56
3 943
3 730
2 30
7 9309889
5 53055
6 111911
4 5181
8 92050044
5 34682
3 705
4 8379
8 92353987
5 55024
8 48571979
10 0999679667
2 53
8 11090256
3 117
2 22
10 0848271745
3 140
6 702046
4 3638
8 80025117
3 984
5 84554
9 323106335
8 44877790
5 93079
10 1807900958
8 62949356
2 08
8 02302147
8 37110652
5 93536
5 15750
9 137282405
7 5462998
7 2018943
6 077068
9 511276641
10 1912187643
8 08149221
6 477041
6 031554
2 99
9 001245714
10 0145053227
7 1356637
8 94696634
9 920062628
3 851
8 44979237
5 90134
7 1499669
6 299108
6 577881
10 1942191991
6 584888
10 1888685755
6 596087
7 4630056
7 1842317
5 06015
8 14363515
10 1658449129
10 0475864090
9 249320234
5 76533
3 508
9 882010274
4 1569
9 210176423
2 10
2 97
7 9410457
8 77683575
6 649538
4 6501
2 48
8 28190908
3 217
8 52688013
8 77414678
9 738042171
8 49173453
3 506
7 9156953
9 400001286
9 637883592
5 54985
2 20
3 618
8 76264454
3 116
2 41
5 12335
10 0494020727
7 7819861
9 245581246
10 1869207943
7 0947181
3 073
9 593276082
5 41755
4 0295
6 486427
3 653
6 667530
8 42526517
5 38113
8 09859023
5 23768
8 97867148
8 27831507
10 1650438365
6 203094
6 225955
4 2386
2 32
5 78063
7 5377233
6 703199
4 0887
4 1346
10 1370780375
2 67
3 612
2 52
10 0368245921
7 6598156
3 513
2 38
5 99474
5 83505
5 21769
5 34586
6 058762
5 44241
3 866
4 9759
3 752
5 77344
3 518
8 28870125
8 18728908
7 0298079
3 236
10 1838382242
8 99541893
8 22630417
10 0339476372
10 0491079016
6 351844
8 81661136
7 5745198
7 0298303
8 81562826
7 4419666
10 0090921196
8 51511784
6 274425
3 877
10 1947210480
10 0913194724
2 23
5 32387
5 39200
10 0433375781
2 14
4 7754
2 65
2 14
5 58057
4 7688
7 2021324
8 16245709
9 394265688
5 05115
6 362410
10 0893261246
5 41332
4 7332
2 41
2 28
6 980031
5 17671
8 07654444
3 892
8 46644718
10 1624891754
8 12327405
2 96
3 401
2 13
2 51
10 1639855848
2 97
9 743154020
5 82646
10 1503916046
8 20530335
5 09578
6 463255
2 32
5 41403
10 1580806719
3 201
7 5078253
10 0452217180
8 08471470
4 3430
3 119
9 553266851
10 0873243918
5 18793
8 21044879
9 029710033
4 6612
3 280
9 574830317
2 35
3 548
6 954605
4 9843
9 857558373
3 120
4 4985
10 1171934783
6 471732
10 0859684038
5 71369
7 8188709
3 726
2 95
8 91351918
7 4538747
8 45271101
5 80493
3 449
5 46547
2 03
7 7876978
2 08
9 473593880
2 14
10 0781790221
9 066523187
2 89
10 0810250604
4 3273
7 8913749
2 79
3 315
10 1552959613
9 633902661
9 144199939
2 80
6 786356
7 6921382
3 432
8 32174507
6 339083
5 37936
6 320609
4 1057
7 2423766
3 254
7 1258713
8 94915217
2 38
7 6640838
10 0136061247
9 425077247
6 216459
8 60260545
7 8943178
5 44249
10 1443649099
10 1824613635
6 387077
9 959186294
6 298555
5 56440
10 1687147822
7 0291946
5 05889
6 432190
4 6507
4 1092
6 024420
9 622630915
2 42
7 3282564
4 3702
9 184310906
6 153596
7 4004327
4 8453
9 116525771
8 36465129
9 493430839
2 57
10 1240054507
3 172
5 58088
9 515209941
3 894
9 493180519
5 77828
9 418641362
7 1147705
5 02287
3 813
7 5445503
6 319719
3 357
2 03
3 940
9 394200684
7 8470814
5 81056
4 7775
9 051550090
8 70139762
9 159715220
7 6733005
10 0450608787
4 7661
7 8588736
6 726889
2 01
10 1339175365
3 513
5 19719
9 024356770
10 1181146969
3 992
5 65130
8 56455743
5 14705
8 82218720
9 779550240
10 0400332058
10 1138232460
7 2123769
4 5601
7 4858595
10 1232427480
2 76
5 50658
4 0437
9 584569926
2 24
7 8161216
2 04
3 782
7 9556335
9 516351584
8 29032627
6 325539
3 745
3 020
7 0224810
3 153
3 403
2 38
7 8061792
4 7974
6 769924
6 967688
4 7815
2 04
4 4197
8 33248895
7 8051336
6 443221
7 5794630
3 126
5 85797
5 35931
5 23443
5 69745
10 1006886685
5 72104
10 0591799613
9 007731889
10 0107491966
7 6447930
8 40765834
5 32988
4 3963
9 683960956
3 507
9 683634386
9 426815066
5 29857
7 3754839
10 1252040097
10 1600320026
7 9814486
8 03384697
7 7723420
3 973
7 7622827
2 28
4 9683
7 2164728
2 89
7 9510074
9 531453540
3 197
5 80001
9 841715704
7 0169912
5 65003
5 88075
4 9830
7 3542716
8 63599198
3 963
8 16337710
8 00704923
10 1603646638
8 43885026
6 495240
2 56
5 54667
7 1280825
4 7360
7 4038807
3 840
5 94768
7 5171081
10 0501537825
6 235731
9 673786711
10 1887363787
5 08583
2 98
5 16193
10 0570848527
7 8813079
5 41659
10 1935589919
4 0994
10 1943134086
3 664
7 4592856
8 00699042
6 862377
2 22
2 66
5 57074
9 759258091
2 59
6 250415
3 386
2 34
2 51
9 004784768
2 35
4 9931
6 580413
3 296
10 0582536173
10 1208730581
4 3466
8 21602309
3 650
7 7283018
5 51038
9 712539400
9 417629632
8 22551822
5 51691
6 554481
8 80288149
10 1269997777
5 39904
3 723
6 095100
3 425
10 2135182804
3 811
2 39
10 1643151568
6 440967
8 88615006
10 0292857907
9 068406687
10 0143536122
4 0177
9 154811934
7 2209187
3 732
3 268
4 3918
2 03
8 65306131
9 752136881
8 57420744
10 1575007552
3 122
4 5014
3 738
3 979
10 0009849223
4 2485
4 6815
5 29347
3 286
7 9290084
4 7660
6 697631
7 7790101
6 401467
9 747155666
3 260
9 790064282
9 657070521
9 340958329
7 3244585
2 61
10 0367985061
4 5094
3 428
6 304376
10 1665330289
10 1181643699
6 838532
7 1895137
6 677350
3 723
10 1567251296
8 13885589
6 148729
7 0504671
2 22
5 20385
5 14913
2 44
3 916
10 1455023853
9 176106408
3 830
3 056
4 7644
8 04223475
4 0369
3 724
5 12942
4 6229
5 20121
10 2132090349
10 1467193287
3 042
8 33745955
2 03
2 16
3 064
3 004
8 37200666
8 64931879
5 98720
7 5415265
6 554559
7 4003603
7 0094876
10 1073467543
4 6934
7 6823192
5 70465
6 640936
5 71660
10 0300455832
6 517503
5 78550
3 189
2 62
9 032969030
5 79707
6 834839
10 1567467081
6 823386
4 7646
3 159
2 97
10 2121056338
7 4950393
9 747776390
8 65302428
6 727413
3 414
10 0765707759
5 50865
7 4293708
10 0286233082
6 230234
9 137090968
10 0199667492
7 9690292
9 228725804
5 94275
8 29688527
9 332759198
4 3597
6 275162
3 956
2 18
2 57
8 26776209
10 1640173107
4 8317
8 19225807
2 65
9 985324251
5 88950
7 7065251
2 03
6 076950
6 251400
10 1552202079
6 004262
9 878846491
9 737660454
6 022115
4 3266
5 62307
5 31267
4 7221
5 81413
7 0333594
7 2157880
4 6292
3 328
2 88
4 0142
2 44
7 4475406
8 12940337
4 8688
4 5228
2 31
7 3146241
4 5649
5 91635
9 071521287
4 3777
8 53256778
5 34655
4 9664
2 88
10 0262328615
10 1075506915
6 750023
5 72586
3 760
9 091943369
9 227145350
3 842
4 9425
7 9254414
2 10
9 511252584
4 0966
6 084647
4 4186
6 373141
5 03723
5 83175
7 9360012
3 162
2 76
6 500616
3 847
9 944712631
9 400548287
8 26323689
3 941
6 060237
7 3596216
6 425890
3 424
10 1357825908
10 0142228143
9 275731247
8 34481196
8 41423279
8 31521293
3 756
6 944353
8 03035117
2 84
2 41
8 71967783
3 985
3 516
10 1380143457
2 62
3 088
7 5911152
10 0527238612
8 08527097
7 4539826
7 9102139
8 56849587
6 654321
4 1837
6 276214
2 35
4 4510
4 7052
4 5100
3 670
7 2502579
9 898121520
2 98
2 32
5 38377
9 680191990
2 96
8 52203361
7 9442633
5 74027
8 44322782
2 48
4 7435
9 441089022
4 9461
6 292655
9 988595803
8 59802124
9 238807012
3 849
2 71
8 53502258
2 68
10 0928494337
2 22
5 34600
5 01278
10 0694226300
4 9100
2 54
4 4367
9 120373306
5 53488
6 782476
9 286332691
3 242
4 0869
6 314681
2 24
6 209743
6 193734
3 355
9 132707196
4 0079
9 768703330
4 1211
4 3346
7 6280571
4 6300
7 5203687
7 8201430
6 573905
2 30
7 9032641
3 957
10 1779305953
6 203081
3 056
2 15
9 520232926
4 2224
5 36694
9 409221359
10 1937338757
10 1042129370
8 17783002
8 78284726
9 420185803
10 2123761845
7 2564763
2 82
2 46
2 28
5 23244
3 742
4 3041
2 64
6 924889
5 39706
5 44734
5 38794
6 032580
9 632433699
4 5030
4 3180
2 51
9 336143214
7 7143329
9 882755504
4 8338
2 49
3 916
9 017967468
6 251889
8 91113155
2 54
6 073416
7 7591823
5 76269
6 219012
6 022998
8 90376164
5 59665
6 196859
2 72
10 0681610471
10 0191399281
8 11575386
3 545
6 906627
7 1856603
7 5417003
10 1304389819
9 586953486
2 31
6 811891
4 8267
4 3946
3 253
8 97052158
3 706
9 824549598
6 681369
7 7431089
4 4964
4 5616
7 8486002
5 87938
9 015924149
5 74615
10 1546930276
9 724047561
8 05790913
7 5779179
5 05016
7 4606544
8 14010319
5 18063
6 797480
6 724955
10 0752319573
4 0364
5 05894
7 8714102
6 186079
8 15262575
4 1575
5 07602
9 171404348
7 4946359
9 132350823
4 5792
5 25399
5 85535
2 11
5 38027
7 0033766
2 13
2 46
9 023202408
3 736
6 741833
6 291472
3 503
5 68921
9 139437890
8 49095119
5 13591
3 889
8 14376101
6 642321
9 182091237
7 2192520
6 848451
3 469
10 2116741043
6 515843
6 765868
2 68
7 7019488
10 0627903939
2 38
3 412
6 352280
9 185348160
5 47254
2 09
8 79699272
9 678099646
4 3299
4 4935
2 25
3 275
4 0798
6 873969
3 637
10 1643464017
2 18
10 1377856057
4 5435
6 890331
6 227403
7 1793884
3 574
3 752
3 350
9 051340921
2 70
10 1332280620
2 44
8 57246606
10 0262448850
8 66811556
6 814757
4 4119
4 4536
10 1661029233
3 644
7 1574967
5 49352
10 0549944444
2 11
3 429
7 9198914
9 213745953
7 6040343
4 0991
8 76735887
3 363
4 2865
5 57188
9 233446285
10 1540735693
6 342242
7 5250500
2 84
10 1469412000
3 662
9 759119180
2 35
2 86
8 96374044
7 6916072
7 1548276
4 3279
6 831974
2 95
8 53185944
9 920384541
2 53
8 92652485
9 800829985
10 0736485288
6 081619
3 575
10 0173502305
5 11385
10 1206999042
9 548018985
2 49
3 165
5 95436
6 650534
8 75749353
9 131125919
7 6186468
7 0035399
8 90875595
9 191875805
10 1974641507
4 8073
7 4864046
5 36513
10 1979229619
7 5443112
9 024784115
5 42195
7 1916689
9 188277283
10 0717344157
9 624378404
8 48214312
5 63432
9 993450842
4 9825
7 9869970
5 68865
6 440060
6 629810
6 393581
4 5952
7 4343551
4 9951
10 0396407230
4 5339
3 142
10 0399798365
5 83899
8 01423713
2 87
5 59795
2 89
7 2470430
2 91
7 3183881
10 1223689514
7 5554373
8 60754334
6 842362
5 44264
3 303
8 71687796
3 212
10 1878605818
8 43222789
7 6508463
4 9619
5 27596
8 96580454
6 746642
8 86054665
6 936873
7 2501926
9 251086067
8 98885475
6 661989
6 494089
7 0575152
8 06337833
10 0953596578
3 232
4 9558
9 306203998
8 03959252
9 573581494
5 81492
6 174755
7 3761550
10 1297758629
10 1401020969
3 653
3 939
5 65447
8 50212748
9 908780414
6 480254
9 398947072
9 729262849
3 967
7 2968227
8 77960700
2 73
6 617141
10 1458812136
8 55902844
8 01052578
2 67
2 44
4 3609
5 33847
3 370
7 2890373
3 914
4 3866
9 110408028
8 95305694
6 354517
4 0535
4 1894
2 80
9 546698480
4 0940
4 6876
2 65
9 437618280
3 565
2 66
6 976798
9 384169865
3 965
5 85461
9 087979325
7 4731031
6 911636
4 1587
4 4016
10 0525208127
8 12360018
9 186219545
4 8193
3 548
3 829
8 35432050
2 46
2 95
9 619212513
10 0685776075
2 35
9 875740755
3 383
7 6197192
8 75718762
9 555268061
4 6674
9 304849316
9 070358136
6 892979
9 054721231
4 4944
4 9648
8 90151393
8 59180748
6 396704
2 26
8 43596310
3 153
3 414
7 6231525
8 50090048
5 18785
10 0498315772
4 3581
2 39
3 132
6 764495
4 7827
3 646
9 674359709
5 19462
8 69265161
7 3670649
2 27
3 934
8 15715890
3 705
3 698
3 950
2 80
3 093
10 1820745725
4 5196
7 3039828
10 1917738480
7 2487544
2 77
9 620890068
8 59826724
2 94
3 200
6 570992
6 114212
2 34
8 49820322
2 04
8 91049082
4 7355
10 1869971686
10 1298070473
2 77
6 000814
5 43427
10 0663964885
10 1507722929
9 679598513
6 691715
2 87
8 54887900
10 0240380794
8 70004140
2 90
8 27758632
3 854
8 08051585
8 42989541
3 049
2 69
4 3941
7 3971332
10 0659555785
2 53
4 8407
7 5569781
8 32717918
9 240400882
4 7426
6 291634
7 5513273
9 400169080
4 2519
9 967908574
6 181681
5 48750
7 4630902
7 9248846
10 0257238984
5 34188
4 1643
7 1220051
2 97
10 0648197973
3 509
6 040733
7 6577799
8 74536994
6 401139
8 10396943
10 1636732863
3 444
9 313698480
8 18066805
3 841
6 981208
4 7667
10 1025775398
7 1822193
4 3239
2 30
10 0715736838
8 39926489
10 1302606504
8 85235752
8 34426802
5 81845
9 695848733
6 065240
5 34141
9 583449235
7 5455269
10 1196916610
3 818
2 91
8 28536210
10 2041355381
3 907
2 32
3 556
3 563
9 446783952
5 39660
5 10733
7 1580927
10 0674460685
4 6576
3 065
8 16179326
4 4694
6 200293
7 7632144
5 90305
4 6601
5 83167
7 4168874
3 867
8 44878490
8 46101863
2 79
4 6801
3 952
4 0771
6 252916
3 605
6 196167
7 5751219
4 0276
6 815419
10 1399911413
9 068528387
10 1717546668
8 55033113
10 1158094486
3 733
2 18
3 434
8 00457264
2 44
3 655
8 41476847
3 351
4 4190
9 337785942
7 3722210
10 0561504547
10 2094293995
7 5974908
4 9077
7 8011141
10 1593388013
7 6070048
6 425035
2 05
10 1990270198
3 929
4 8538
8 01491464
4 0260
9 674822337
10 1882007466
8 04255772
5 10803
4 7627
6 816427
6 076042
3 380
2 40
9 630189756
7 4226595
10 1884069609
4 9703
8 78139508
6 177228
2 30
5 94943
9 343359154
7 8899262
5 97748
2 38
4 8362
2 20
10 1556911971
8 65340510
9 441220509
5 94385
6 711685
10 0101450969
2 60
8 80273666
4 4115
9 479237039
4 2029
7 0273226
2 95
4 0305
9 729245297
7 9925703
3 537
4 1700
2 22
8 34038516
8 13236526
5 61605
7 6634035
5 90077
2 33
6 797771
3 122
5 38392
9 595066766
2 26
9 844466674
2 87
5 27247
8 20742961
8 89712525
5 03681
7 5303667
9 402299890
6 116909
7 4232204
10 1858549788
4 5758
10 0517133676
10 2053104279
2 00
2 09
5 84291
5 93142
4 0036
8 44737511
2 33
3 965
8 22522830
3 654
10 1899190527
3 587
7 3970185
7 9718930
6 415847
2 56
4 9171
10 2096713626
8 79445814
4 1352
10 0662759223
6 454764
9 057986408
10 0959447108
3 289
3 035
7 2062620
7 4886836
3 319
6 653019
5 78033
9 818222918
9 247872244
3 371
7 3076016
2 62
7 4789939
8 15544748
8 03180460
6 318291
9 021146971
5 33917
8 08940300
5 91453
9 687775577
5 07489
9 984434499
7 5943518
5 99655
8 12141154
5 57965
10 1570443615
9 690969147
4 0604
5 29275
7 0253356
3 573
4 8542
7 1640731
3 844
10 1773670819
3 622
5 02093
10 1695444765
9 115443030
6 010124
10 1792430040
10 0348781604
9 164991158
9 230065146
6 813808
2 32
3 480
9 284653607
8 53374273
8 72428224
5 56785
10 1390183114
5 93339
2 32
4 6504
2 69
7 6889900
6 108436
8 17406586
5 01492
5 24789
7 7725775
7 7262451
2 36
5 97186
6 198169
5 83311
9 810629202
2 68
5 45724
2 43
4 3972
2 71
7 4229653
9 870828695
8 04927151
4 5671
6 765809
5 65013
7 1161199
9 764009810
2 23
5 73357
4 2475
5 16964
6 136301
8 73396698
6 807902
10 0831305386
10 1691919979
10 1759668701
8 25036621
7 7049113
6 971551
4 6127
6 276326
8 33524823
9 685495410
2 79
2 09
7 5162438
6 579550
8 37449036
6 772357
10 1826941359
3 207
9 745088523
8 94573489
7 2276610
10 1549251763
8 10194143
8 91755027
6 669643
9 356533499
7 9081027
6 393165
9 147478371
3 953
7 7909223
8 58714533
7 2332703
2 48
4 9920
4 5215
7 4128230
6 655619
6 887772
2 91
6 693788
9 257346690
6 287151
9 526534633
10 1008261627
5 25633
3 601
8 23537786
6 108610
9 043247883
3 675
3 412
2 29
6 613982
5 20382
2 69
6 779216
4 5337
10 1486247220
9 340864593
6 109909
2 50
7 8063096
2 67
3 026
5 22940
6 001501
8 05736311
8 65354088
9 073738484
7 8038320
6 521344
5 73817
6 400256
6 983004
10 1040162589
10 2032887780
5 13127
6 641532
7 9155287
9 489322050
8 97432964
10 0933155284
7 9524186
6 035922
7 5116546
8 11161827
9 639408130
7 3880923
10 1711189386
10 1924105940
9 760989544
8 69743319
5 93652
6 846319
5 56761
5 59871
3 272
7 4975354
8 06957231
7 1827832
9 157601870
3 019
9 653558009
3 091
6 005574
4 2075
10 1846983455
5 14142
7 3292949
8 42158751
5 45182
3 788
10 1568350129
8 12818617
4 5122
10 0979897489
2 14
10 1250103345
6 267154
4 6922
3 819
9 022784199
3 095
8 52921085
6 091507
6 522459
2 62
3 496
7 0442094
5 05003
10 0019604268
5 10561
9 986760704
6 499905
5 84694
8 56816939
8 36678529
10 1998956491
6 648536
4 8373
8 04506469
10 0101593084
10 0146131783
6 435275
8 53657399
3 446
7 5291827
4 4749
7 8148265
5 96742
10 1203574185
9 651778176
5 63876
10 1295011043
10 0160161299
8 67952455
6 762952
3 752
3 473
7 1468613
10 1948830009
5 96891
9 425510418
7 8690720
9 222282646
10 1024407994
8 73733848
9 671142250
2 41
2 89
5 95413
5 82609
9 138557189
3 100
7 8177740
7 6253886
3 476
6 162290
2 69
4 9577
8 45173176
2 98
8 96226445
4 7454
2 45
5 94827
6 275592
5 36623
10 0920598149
2 95
8 79444141
4 6342
5 05162
7 0331864
4 0698
9 255601698
7 0971717
10 2028493604
6 485849
8 27894501
4 4057
8 25146953
7 7783116
9 896168783
2 05
7 9673506
3 964
5 57468
3 537
4 0058
5 53479
3 463
7 1374406
10 2035539711
10 0084242181
3 302
3 893
8 04605888
8 12908537
9 492820627
2 55
4 3744
8 28016687
4 1046
2 98
2 60
4 9214
4 8277
10 0273895694
8 59616579
4 4906
9 820924114
7 2886842
10 0354574161
10 1631337378
7 6942625
7 2405275
7 9932605
10 0570643934
10 0755972538
2 60
10 0093083913
9 974822274
10 1985632998
10 0365116532
5 72196
5 44164
7 1246237
7 8342665
2 37
2 40
8 61694081
10 1640358083
9 241075129
8 03223041
4 5554
8 02969018
7 8659880
3 659
9 931541966
2 61
10 1357339629
2 25
2 35
10 0859438969
7 9298589
3 838
3 676
4 2060
3 291
8 46462825
6 141956
5 31666
5 72192
4 1067
2 16
2 25
5 38257
5 29715
5 06396
2 16
8 63455546
8 48414008
9 332325528
7 1210732
6 457522
3 369
3 457
6 434019
5 29360
4 3512
8 42264019
4 4725
3 443
4 9921
5 75830
2 24
3 296
8 08543303
5 95605
10 0548847347
5 60297
5 01662
3 104
8 89057756
3 119
9 817567045
2 09
10 1092996119
3 916
7 9164143
3 081
4 2474
3 504
2 53
3 166
10 0086974292
8 89165970
7 6647570
7 7327987
2 91
2 98
5 18949
7 8231412
2 63
10 0272683812
3 074
2 25
2 23
3 030
4 9242
8 31352430
5 11364
8 07745841
10 1878304826
2 12
9 765115288
6 744359
7 8050421
3 658
6 942451
9 065671842
9 924021716
8 36607777
7 1793253
8 69713869
8 08692356
4 8734
7 6617403
2 06
10 0711294757
10 0525196003
7 9642232
5 60634
3 837
5 46241
2 15
10 0521795165
7 3536907
4 9523
3 103
4 5359
9 913268747
8 31561884
10 1565415022
6 841084
2 13
5 36176
7 5010154
4 4451
9 029455807
3 280
6 781480
6 178105
5 64740
7 2164899
3 077
9 089839655
10 0039627056
4 1327
8 71558781
6 268209
8 69902203
2 92
4 3900
8 37871348
9 298131639
10 0526653981
8 43883426
9 038264210
8 90982419
4 6010
9 200862072
8 25407674
5 19908
2 59
3 117
5 70684
2 58
9 727595029
7 9155423
2 69
4 0710
3 886
2 88
9 713068654
10 0354958910
3 505
2 33
10 0648826462
6 135884
2 83
6 706142
3 025
8 39305847
6 878462
5 93136
5 64684
3 133
3 334
10 1241511019
5 72729
8 66750357
4 7263
3 117
7 6652684
3 099
10 0957158355
8 89835686
8 98721945
8 60467787
5 19155
4 0742
3 121
8 20397762
2 96
10 1131244796
4 1414
7 2141264
9 687294895
8 74368754
10 1235005736
7 1864598
8 17155798
5 37824
5 74521
5 10854
9 396582887
10 1539410220
5 19471
3 816
2 19
5 58098
3 117
6 412262
4 9448
9 134847296
6 690222
7 2165628
4 4883
5 40116
7 4541768
10 1330345785
10 0373298919
3 017
2 43
5 37162
9 109240502
2 95
6 527327
5 12336
6 282078
6 008312
4 1528
9 020334672
6 810096
6 068520
6 358463
6 509225
10 0613203015
5 92124
6 987779
9 366694921
2 51
2 53
5 52078
9 023707706
5 29222
4 2808
2 62
6 366218
10 0955481325
5 17327
10 0747365396
6 013522
2 46
7 0884471
3 286
6 199559
10 0260879465
2 20
8 43059106
9 735182052
8 84765896
2 35
2 98
10 2111937668
8 29339091
3 864
10 0744197900
2 52
4 0737
10 1038636325
6 802171
9 711693265
6 625401
7 3329533
7 3052611
8 96605539
3 150
7 0539769
6 048027
7 5485976
9 789565137
8 52607959
5 29930
10 0548944437
3 638
6 099043
10 2068932998
2 46
10 0096827745
2 10
8 44944917
5 31567
2 24
6 587320
4 5126
9 154492675
7 7024488
4 9653
10 0054530549
2 38
8 83151204
8 39056348
7 9909142
7 7191658
10 0968593478
7 9133596
3 771
2 67
5 52852
7 7995151
5 58487
5 64594
5 04812
8 49470097
4 1042
5 85900
2 70
3 505
4 8748
8 26250752
2 85
5 83326
6 765865
4 7855
5 33684
4 3048
8 94723537
5 07850
7 7524593
2 63
7 1765835
5 30586
10 2141124565
9 128368070
8 54829607
10 0125788243
4 9523
6 568652
3 414
5 20458
2 19
10 1276078621
8 22707500
4 6810
2 71
10 0961250433
4 5542
3 164
6 789814
2 24
4 0408
7 9902518
7 3435937
2 72
5 80383
2 02
8 04451988
8 67577414
10 0138656599
6 907934
10 2021267451
8 64300328
5 72090
10 1260175804
6 819078
8 95514030
6 832647
9 956495771
3 424
6 673640
10 1367032278
9 315042465
2 69
6 160107
4 0456
9 360612890
9 164742760
10 0764253604
9 138030711
10 1420193106
7 8814040
7 0505629
6 640038
7 0947976
10 0302687899
10 1391793973
3 762
3 796
2 69
9 859881204
3 296
2 85
7 5407314
3 258
6 576750
10 2116804167
4 2205
7 4553831
5 43900
2 09
9 592672480
9 724268329
4 8524
8 04781278
3 732
3 320
7 7672930
10 1082092436
9 811149047
9 971550973
8 48396763
3 293
9 823213993
3 916
6 753987
6 622398
8 74251412
10 1451602062
9 976912557
2 30
10 1826078527
10 0263699670
2 60
4 0757
10 1950940153
8 20527409
8 21835928
2 88
2 30
8 20124167
10 1850488182
6 592985
3 997
5 75882
3 444
8 82914195
3 815
3 133
6 405972
7 9843935
5 35325
7 0232097
9 993564399
2 27
3 894
3 799
5 24612
6 016374
10 1100996888
10 1652893515
9 572729269
9 747846656
2 28
2 12
2 83
6 239081
8 75991096
10 1218263314
3 215
3 128
4 8888
3 889
7 4026769
9 084330813
10 0645399520
4 4342
3 742
5 29578
7 2380491
6 862922
8 27192442
6 229287
9 802089533
8 77771737
3 795
2 62
8 34594498
2 87
4 9067
6 161276
5 12732
4 3729
7 4369320
8 73096497
8 16272350
5 19742
10 0992094127
7 1681035
2 35
4 0466
8 58305991
4 5518
8 03876832
6 038108
8 68318810
7 2410839
8 04057707
5 25370
6 464228
8 20209543
9 102013991
4 4075
10 0138794666
2 84
8 99400588
7 5669485
2 30
8 03123420
8 87321761
5 75415
10 1492393616
8 58504819
9 330467175
3 703
2 60
3 685
10 1979733531
5 23223
10 0631882576
2 51
3 009
8 41506095
3 392
5 54854
3 747
6 469429
5 49228
3 391
3 141
3 510
3 692
6 937006
3 308
3 124
8 54540640
4 8048
8 78724064
6 391340
10 0441266362
2 62
6 909168
10 0272340177
6 987344
8 50107503
5 54014
6 862739
7 6369209
9 534853633
7 1892678
4 6402
2 85
10 1453059319
2 98
10 0336344658
2 59
9 850724122
5 68716
4 3476
6 622219
4 3249
4 5345
10 0716663291
9 228492086
2 71
8 40398033
6 334435
5 75980
9 691450021
6 877119
9 716977642
7 8166652
9 593761757
2 67
5 24132
6 728917
9 219213571
6 413370
2 68
4 0138
3 926
10 1699806417
3 343
8 16083820
3 379
5 73043
7 5583969
3 490
4 7767
2 16
3 244
2 81
2 47
8 97181030
4 0812
8 61512307
5 99340
10 0383617452
7 9133825
2 99
6 178564
6 428929
10 0205567842
2 64
5 36677
5 07509
6 526266
6 331440
6 175794
3 881
6 603639
8 99256697
4 0616
4 3367
10 0135091773
3 349
4 7561
4 9223
9 003982050
10 0869441014
3 520
7 5946000
4 1666
10 1859939601
8 42306263
10 2122646770
6 378375
9 509945586
4 0320
6 166137
10 0081211071
5 72431
9 843618117
3 037
6 928194
8 86518895
10 1135279926
2 01
8 61775041
7 8288108
6 648289
3 911
4 1050
7 2232007
9 541994802
4 9817
3 983
7 0114506
9 365510255
6 552268
6 419946
8 23284163
9 090085116
5 54169
10 0083351823
8 08457813
4 9861
10 1176543128
6 967573
5 78634
2 32
6 200953
2 52
8 02492068
6 636707
8 09315756
10 0833664556
2 78
7 4722640
2 81
10 1940385678
8 78074576
4 4775
4 2802
8 48425545
5 77428
10 0198682592
6 171497
6 126545
6 926951
4 0605
7 1336257
3 683
6 671186
7 7068888
9 081188787
10 0894930419
6 282809
7 8913773
5 43895
2 52
9 022487199
3 409
6 711989
6 838613
5 38558
8 21914352
6 500733
5 00304
2 59
3 991
4 6462
9 308905214
10 1654993957
3 882
6 707361
7 0891880
8 43773332
5 85961
2 96
10 0177156966
3 498
5 45675
3 354
2 54
6 747875
9 362439564
3 960
4 3608
9 804196470
2 74
3 181
5 31096
2 48
2 87
5 57985
6 709156
4 1824
7 4464418
5 33514
4 9596
6 582822
3 078
6 246643
3 756
8 41853232
3 648
5 15289
8 07030927
2 03
4 2286
5 74972
7 4929327
3 625
8 50512327
4 6369
10 1120803880
9 658327436
7 1140031
4 4348
2 96
8 00617370
9 602309347
7 7940290
10 1091003000
10 1521881093
9 519802937
9 169929433
5 69213
3 361
2 50
6 423465
8 56090626
8 15450741
4 7685
9 659030797
8 73105375
5 53478
2 30
8 37271348
4 0917
10 0019844521
3 210
2 22
4 6014
2 65
2 66
10 1981945347
7 3415387
9 800933902
3 235
9 093213358
7 4645570
3 684
7 2893309
2 82
2 78
6 350785
4 0459
6 241164
7 3267143
6 919741
10 0445597615
3 653
7 9293882
3 779
9 897997958
5 76079
9 643115326
6 002628
4 3499
9 095761917
4 7467
4 3770
8 49858662
2 51
10 0874440768
5 05566
6 361933
2 38
8 81589127
5 62636
10 2056418655
7 4746966
2 82
10 0713091672
7 5376909
3 711
10 0333482644
3 654
8 44922120
5 83463
5 56250
10 0391917623
9 679061249
6 290351
2 80
9 445270165
4 4407
6 373573
6 799430
3 623
10 0598835187
6 133420
4 0520
2 90
5 07832
3 880
7 0147983
5 98617
9 613731218
8 67408664
3 012
7 9442689
9 117728665
4 0360
4 7860
8 03737139
4 5375
6 467231
4 8985
2 40
6 801676
5 23603
10 0936648976
4 1596
2 45
3 644
2 42
5 66676
7 3274948
8 45568555
5 39077
5 22208
2 57
10 0768596699
3 513
10 1589787464
7 8107412
6 632553
7 6765993
3 935
5 57113
5 77496
9 097127617
2 68
10 1295280265
8 19991726
7 7716322
8 44090146
8 36936078
8 21369574
3 785
4 1133
8 91700811
3 938
3 539
7 0825746
4 6804
6 182912
6 080119
3 340
9 246886556
5 12431
7 9861705
7 6044509
5 89423
10 0744098726
8 73603827
9 584179110
5 66249
2 46
10 1898858273
8 69037145
5 49487
2 04
7 8245042
8 12239046
8 43926962
5 50828
6 354055
2 02
2 73
10 1011356743
7 4284092
6 166942
8 72002606
3 482
10 0393117333
7 7328662
10 1787863389
7 7729130
8 87329114
5 56381
7 2719654
3 448
7 6818898
8 12266243
8 47930835
10 1839390624
3 193
9 412681622
7 5045007
10 1219571383
5 98436
6 045512
2 67
4 2960
9 357259171
7 1567862
4 2902
5 85238
5 58264
10 1915562824
4 0820
8 50004028
8 11543720
8 33876517
8 71973458
9 019783772
10 1095380650
10 1304666423
10 0744120279
3 051
6 745076
9 843874627
10 0126855575
2 83
8 58827698
8 27019291
5 27812
9 510000884
5 41673
3 964
3 006
9 211103378
10 1340806020
9 343585625
8 04371889
3 101
6 405589
5 77648
9 404172945
4 1356
8 34598143
2 15
3 319
9 700713840
5 46505
4 3476
9 088883540
5 43167
6 413009
2 64
9 117656821
10 0255934568
10 0993683746
8 51839927
2 00
10 0265890039
8 98358282
8 40309151
9 056594658
4 6946
5 46147
4 5674
4 3629
7 9535599
4 6689
6 614241
7 0171181
5 02273
5 77378
3 322
9 204706187
3 274
10 0148876268
3 423
10 0564694120
5 12089
5 63143
3 306
9 518095660
10 0735176115
10 0886738773
3 860
7 8339166
9 345797585
5 63037
5 78975
8 65176270
4 6398
2 79
9 919523465
5 94894
2 19
6 626022
10 1350037514
6 471036
5 00384
3 338
8 19636116
7 8707082
6 308753
4 1961
6 288400
2 82
3 122
10 2091726971
10 1173714266
9 577645197
8 88628959
8 07593515
5 25606
5 96455
7 3790713
7 4028587
10 1512809002
7 3893234
8 68638494
4 8188
6 086131
10 0836698045
10 0952307636
3 544
9 018879586
5 98992
3 665
10 1398691370
4 3411
7 9717262
6 037324
10 0391123657
2 23
6 996786
4 8439
2 64
7 3418196
9 666844176
3 729
3 439
8 17755167
2 64
4 1939
10 1038428456
10 0596984465
4 5826
5 24271
6 384467
8 72482726
10 1261107564
2 31
2 89
6 030241
9 058109313
9 939276042
2 90
10 1001885536
10 1018884746
10 0820998842
9 745335529
9 350491624
10 0920521448
10 0189143542
2 42
9 580319873
3 786
8 82214539
3 284
9 450781197
4 3104
4 4054
7 2121153
4 7649
6 759769
2 53
10 1270106150
7 2773005
4 9324
8 84566218
10 1596059167
3 726
3 247
8 14617885
7 4600398
7 8134185
7 0489026
10 0875132597
3 181
8 36132430
2 90
3 952
10 1553327664
4 9543
10 0348514208
7 9249759
6 114556
5 09034
2 03
3 039
3 706
4 0356
6 610816
9 054874263
10 0993879551
8 89211652
7 5523632
6 744586
2 66
7 8470988
8 13602594
7 0205203
5 11585
4 9305
5 73860
2 94
10 1370453922
10 2049796650
8 55318203
8 91612440
8 53226662
5 73100
6 860402
8 42634294
4 4519
6 093495
3 383
9 497960615
4 9287
7 5828361
9 984157617
2 18
3 505
10 0604708982
5 68686
6 277166
5 78219
3 347
3 656
5 32994
9 684834277
5 84992
3 540
10 0853663332
7 3325528
2 79
8 93041300
10 1067127389
8 02656519
9 930849217
8 20674145
8 76569610
6 409354
8 33923690
8 88876952
9 115051538
3 878
2 93
2 90
5 60949
4 8323
7 1139868
2 31
8 60435781
9 335136332
5 89859
4 7734
3 546
8 84923780
3 452
3 625
7 2544665
8 70284225
4 8273
5 98239
10 2109239438
7 0543204
5 56186
8 16195619
4 6937
2 17
4 8781
4 2618
7 4390845
8 73489916
2 34
4 8343
9 777823045
9 415048813
6 417989
4 6894
6 353615
5 85790
4 1437
6 534472
2 13
8 80831522
6 681546
6 159173
7 8253243
5 59392
9 686763984
8 90810281
2 56
6 741052
5 22500
5 21129
4 4396
3 269
6 104680
9 984160559
8 65780883
5 39239
10 1984588927
2 72
8 55863855
5 17952
6 604652
10 2059731220
5 20033
9 462765010
7 9926571
2 00
8 11825762
3 153
6 490363
2 40
9 980108499
3 380
10 1859451544
9 145088652
2 21
10 0362975942
10 1068167543
7 2499485
8 98212140
7 8346461
2 38
7 6776031
6 435083
4 2247
5 15602
4 3044
7 1522918
8 07654231
5 13329
7 1322566
5 65840
8 49255975
9 252038376
4 7311
3 012
4 9227
2 34
6 994155
4 7148
7 3942115
10 0579352541
6 153203
10 1480167288
6 882626
3 317
4 7471
5 36406
4 9541
8 89047962
4 5298
10 2084786977
8 50502029
3 488
5 85232
9 655078938
8 22022386
4 1563
10 0947823290
9 111983023
2 72
4 7462
10 1181565851
8 09975793
6 055002
5 34949
3 082
2 77
10 1499223194
9 802155295
3 654
8 85484830
3 064
5 80334
7 9747948
2 23
9 878629403
7 4692467
9 952651657
9 944443350
5 92016
7 7619663
5 49283
3 561
4 7211
2 08
4 6793
9 992525258
7 8247536
2 15
3 655
7 4971957
4 2328
8 97042664
2 85
7 6973349
6 997018
8 41906503
6 340206
7 6435131
4 7272
8 95280634
4 3530
6 219274
4 4190
7 6106552
6 297081
2 55
7 3259286
2 51
2 37
7 3165729
9 787261518
10 0640914309
5 19649
7 5261845
8 39014532
7 4253691
5 81076
3 481
4 1860
8 68487463
3 247
8 33601054
4 9341
10 1317607209
3 011
5 71987
4 1524
8 76827957
2 89
10 0419577151
6 148633
4 1035
3 513
2 28
7 3994902
8 47933666
2 62
3 035
10 0233347282
10 1043041887
4 9887
8 59505526
9 299332874
9 514905289
6 939637
5 84288
9 410829635
5 17981
6 511841
2 73
7 1364453
4 1245
8 46911964
7 5658224
4 5228
5 54892
5 46689
7 5469231
3 254
2 31
8 47373313
5 38162
5 26843
3 801
9 390578157
6 578132
6 673566
10 1659179278
2 13
6 877480
6 570317
3 761
7 5525495
2 74
9 850479865
6 801992
9 497824376
7 1088831
3 002
10 1507422608
8 80819658
3 122
8 09869173
10 2038111458
2 07
7 9370532
2 67
3 635
2 38
6 447963
9 904307766
10 1272445034
4 6463
7 0999714
10 0077057201
3 329
6 972119
6 886436
10 1878703203
8 01053531
7 2535890
2 39
6 914357
5 02120
3 335
10 0818101851
2 43
5 10595
9 329113455
6 107376
2 37
2 17
7 4540508
5 95101
7 7480904
2 78
9 078772696
8 73539404
2 43
6 229753
3 311
6 687583
2 94
3 613
5 41192
5 95307
10 0591535398
7 3676690
7 5209481
7 4352322
7 9320424
4 3532
6 829269
4 9230
4 7164
2 94
3 292
6 634883
10 2121295307
8 85375488
2 38
7 2775733
4 6323
4 7847
8 59940567
3 895
2 21
5 03168
7 2798068
5 90106
5 24086
10 1419496708
8 31980429
5 14569
8 77295440
8 48861292
9 097077205
4 1218
2 53
10 0479012037
10 0949155586
10 1454840064
8 24309712
4 8401
2 83
2 12
9 018044511
8 72612504
9 293904016
10 2108333381
8 61733483
9 369295086
9 343864403
7 1766920
5 01722
5 65629
3 242
2 20
5 65278
10 1580020086
6 789281
7 6022387
6 035524
5 75085
9 079378317
7 6655349
8 24935844
9 204955192
4 9444
10 0530819508
6 533775
6 584828
4 7183
10 0794048676
5 51622
9 001162427
5 64565
8 92391049
5 19706
9 528372334
3 305
7 8826176
6 010822
8 13276100
7 5536186
3 786
7 9997099
3 682
7 6239814
4 3096
6 872825
6 048693
6 656689
3 184
9 252722228
8 15707124
10 0930102905
2 34
7 3347373
10 1175350346
2 48
8 31986224
3 098
4 4829
4 2969
4 1054
7 8676152
2 37
6 315841
5 25590
5 84943
8 48300307
4 8718
4 7927
6 987180
5 46003
10 2100382758
10 0890687527
6 073839
5 65826
5 02986
10 0586005307
3 979
8 43828333
5 70917
5 39593
9 277219341
9 888860060
8 92145594
5 64151
2 65
6 746107
7 5991439
7 9340637
4 2343
4 4790
5 83343
3 173
7 2351293
7 9437846
5 45781
5 10774
10 1977933692
10 0344899533
3 878
7 4761116
9 123806544
8 82471271
10 1472940858
10 1095379613
2 23
4 7587
2 53
5 87092
7 5896618
4 7061
5 35082
10 0330840225
8 36307726
6 580764
9 596919796
6 498799
7 4849104
7 3040675
5 98331
3 219
4 1043
5 67473
3 919
6 926747
4 5856
7 1062641
10 0841640699
6 916064
10 1107642626
8 70870381
8 00355061
10 1277805114
4 5604
4 3183
6 782429
6 386990
2 09
9 294604425
3 030
9 996220019
6 967684
8 94752177
3 879
7 1073161
9 796197774
5 23279
5 29075
2 04
6 106886
8 94838615
3 641
6 705492
9 546996421
2 84
4 7441
2 94
6 714067
2 12
6 212516
8 95276804
8 19015620
5 79477
3 829
5 45727
6 634772
4 7383
2 51
3 969
9 699489144
8 02593580
6 712060
5 04414
10 1906864545
7 8358426
9 541726352
4 3704
10 2145335315
5 03020
8 44785067
3 564
7 5065793
3 606
9 033017527
3 221
4 0932
6 385961
2 76
6 329119
2 55
3 088
9 122839129
9 886778384
6 304326
4 7292
4 2855
10 0542541938
8 19706509
10 2055853444
2 23
10 1190263412
7 6240172
9 673321747
8 98272454
4 7326
2 16
2 20
4 9559
3 041
5 78712
8 36855983
8 83272895
10 0032986567
5 48169
8 60736144
9 351106382
6 911099
4 1635
6 946206
6 916417
6 536602
8 38378299
2 31
8 59520131
8 14574448
5 36210
6 140411
8 88377409
4 1213
2 42
2 23
9 205889619
7 9968982
6 794573
2 95
8 75685074
10 0735031227
6 217471
5 87584
8 58476883
3 798
2 19
4 8551
7 7836539
5 60859
9 233949826
3 310
7 3624156
8 77927051
7 9342834
8 22162423
8 75579747
8 31607633
5 55361
10 1626567525
6 989953
10 1774061690
4 9884
10 1332766753
4 2709
4 9010
4 2746
7 4398333
8 50888965
8 80898336
4 6835
7 7776059
7 2770763
8 53252858
9 249411614
8 37274721
8 29473411
8 44849393
7 0369356
6 002423
5 76463
5 20953
8 28015458
4 2464
9 242261024
8 71652575
7 5637913
9 425527146
2 31
9 927934800
3 740
10 1173174566
9 334094988
4 9798
8 00672809
7 7959114
2 59
8 53764834
8 00915706
10 0272902593
3 451
6 797294
7 9016506
8 62067392
5 20797
2 36
8 60244418
9 455360392
5 65765
3 103
6 215116
10 1930620551
6 291989
3 645
3 387
6 417130
6 653758
10 0714024907
7 6055216
4 4507
10 1418610845
3 606
10 1837040849
5 27374
8 77625893
10 1344994244
2 99
4 5189
4 9236
8 57875436
4 3425
5 77167
6 023342
4 0153
7 2894374
10 0776787276
6 970055
8 25393187
8 88589233
4 6574
6 200743
9 786088839
2 18
9 333727883
4 1568
2 30
3 237
8 14748529
5 47772
5 30490
4 9694
10 0256596422
2 00
9 626739709
6 642874
7 7437415
4 3454
2 13
5 02988
9 755982030
2 20
8 26875901
2 58
5 64541
3 817
2 33
2 49
9 180517965
4 7616
5 35439
7 5980310
4 0460
10 1255815461
5 04592
2 74
6 649357
3 536
9 023837903
2 42
3 529
7 8713827
4 0075
9 018409769
4 5182
7 8392068
6 044227
9 858029827
7 8568847
9 030461613
7 7380090
10 1787076414
4 4533
8 48071059
2 49
10 2136817585
9 019048016
3 444
8 57823445
2 33
5 06950
2 00
2 83
3 569
5 93421
3 274
2 74
9 871835663
10 1534477343
2 01
3 879
7 1761474
2 55
8 08388988
4 0835
5 08280
9 593346026
4 1666
10 0349358365
2 44
9 825276771
3 649
10 0640176162
3 557
2 39
4 6001
8 18419449
2 15
5 48745
3 957
3 328
9 469313717
7 1890175
5 15367
10 1239121972
7 9516678
2 85
4 3992
4 1992
7 8897005
10 1761919612
6 294703
6 726834
2 70
9 168217425
9 091411512
7 7349969
6 250811
3 318
5 21388
6 588394
4 6737
4 2746
3 879
4 9335
7 8866174
5 69244
6 660713
2 99
4 4362
5 78163
5 33681
6 773809
7 2617333
3 671
4 5121
9 205693140
9 720894796
8 43175291
3 976
6 073913
10 0916349927
4 6732
3 587
10 0619218776
8 81658108
3 177
2 75
7 6492634
2 17
5 30182
4 8722
6 415500
9 912329208
8 81587547
9 369651770
3 039
6 704617
10 0631528690
3 656
8 95336506
9 260960757
9 725533258
3 021
2 93
2 50
3 128
10 1345079849
9 214410496
6 656772
3 297
4 9503
9 324826592
5 57813
2 28
2 00
5 49937
4 8570
4 4741
3 793
5 99134
10 0118413965
2 20
9 510799243
4 5575
8 26452859
3 910
5 02562
7 7025538
3 136
2 96
9 773592454
8 80178093
2 85
3 968
8 66166625
10 1430852874
7 2245718
6 590757
4 8363
4 3681
8 14136205
9 100466289
9 437954797
7 4415494
6 390746
9 497532169
6 168528
2 77
4 2152
4 1444
4 6352
6 315720
9 473027864
10 0038296088
4 2809
10 2011733802
5 77064
10 2008540486
7 2208270
10 1836565794
8 59189375
2 69
2 81
6 210169
8 42073044
3 563
8 03102283
6 264171
9 059883112
6 059079
2 80
8 95917640
7 3025676
5 31657
9 574963164
10 1073865667
8 82428118
8 38026795
6 609735
10 1999194832
6 241281
8 42244880
3 030
7 8506415
4 5662
7 2031416
10 0570874727
6 591838
9 259956239
5 67054
7 9137298
10 0621588295
6 513310
8 05867167
3 758
9 617838529
3 099
7 3502307
6 625164
8 08465624
10 0814574217
10 1724735572
7 3478800
2 00
2 09
8 60870795
10 1016581827
6 419027
7 4590532
4 0888
6 380898
2 85
6 205531
5 97830
7 5661415
6 074226
6 593198
3 928
5 86265
2 43
3 734
6 707134
10 2003869629
6 325404
10 1600928708
10 1287484508
4 2061
7 9640955
5 87586
3 992
10 2079818592
5 00985
7 8684072
10 0835516493
4 1246
2 64
4 6775
3 894
5 22563
3 621
8 06748942
2 81
9 584981375
5 51300
6 306026
8 18250666
2 14
6 569112
3 268
5 47328
3 194
3 847
8 32300294
3 077
6 524392
10 1470506833
10 1051702532
10 0610720690
5 67655
6 985572
9 318190635
10 0345431003
2 93
4 7841
7 6602074
2 80
8 27211766
8 30417942
4 6021
4 7622
9 621784422
8 66713747
10 0193407575
2 66
9 622022781
10 0637165264
5 58081
2 70
2 35
4 4593
5 32685
9 796007782
5 25953
7 4889215
2 47
5 82387
9 063847646
4 4529
7 6979628
8 77146803
6 583586
7 4248530
4 8335
2 99
6 903016
5 68584
4 5665
2 56
4 8442
3 944
10 0533675261
9 284760111
4 7522
10 0707294480
10 1085829088
9 207575912
9 698753351
10 2140487046
9 499986294
9 554715461
9 090876789
4 7715
3 763
5 66777
5 88995
6 100446
7 4581757
5 03516
3 550
2 82
6 155632
3 017
2 36
3 374
8 25362213
10 1154025093
10 1136835584
3 161
10 1840869732
4 3904
6 930365
10 1263955687
8 40617613
4 7754
4 9904
9 775102506
3 582
10 0272187224
8 25310642
7 9014500
7 1142138
6 460914
4 8754
5 22774
7 9488718
9 289016269
9 916003734
7 4963910
10 0097863864
4 3214
2 04
6 715656
6 406947
10 1597729204
2 32
4 3149
8 02299650
10 0527362397
9 784975491
10 0015795946
4 8203
10 0816915997
5 84171
8 06889636
3 923
8 34118155
8 35191275
10 1660503313
5 53045
2 16
2 25
9 222331199
5 88433
8 77179683
7 8195121
4 0838
2 44
9 220211613
6 473094
10 1516252755
3 803
3 196
9 463721075
6 412653
7 6458730
5 53349
4 5539
2 35
8 08494497
7 0434249
9 218996952
8 19149294
7 6188274
6 389516
6 494860
4 8737
2 87
10 1385416094
3 146
7 1257434
7 9622621
9 024574236
10 0036528035
5 58485
3 141
6 228503
7 1020526
5 86242
4 1409
2 21
2 86
10 0966384286
5 90544
3 639
9 133661832
8 39195919
7 7113560
9 523505317
3 326
3 481
10 0312889242
8 39959265
4 3134
4 8569
6 270322
2 66
3 702
2 34
2 84
5 19289
8 51882151
9 723537173
7 8701716
9 335153659
7 5022646
6 445567
2 25
4 1656
9 300099396
7 4637155
6 478021
6 923478
9 065252125
6 714673
4 2290
8 07063030
9 482381876
4 6504
9 530159047
10 1256971339
6 700656
3 933
5 54443
4 2745
9 685404519
4 9909
10 1961170574
3 967
7 8086304
7 8265713
5 64956
9 177605739
4 5300
4 6776
7 7185111
9 176302392
3 726
2 01
5 76618
4 2360
10 0923044899
10 0439696382
8 76512009
5 70876
7 0410991
10 0011535963
8 24298038
9 295155483
4 0297
6 864037
9 993936727
3 529
2 58
3 975
10 0708278429
3 566
7 0100309
4 1505
10 1872678299
4 3335
4 1675
10 0619714293
5 21000
5 69403
7 7188387
10 1927059411
8 41316221
2 73
10 0720033074
9 042432108
3 288
4 1183
9 229699623
6 702268
9 821481422
9 623016268
6 241254
6 202811
4 6689
2 57
4 2007
8 70946544
9 084291664
7 6898612
5 30417
4 2594
3 394
9 345310008
9 130026466
3 644
8 31474232
6 717337
4 1826
9 711394094
5 25067
7 8343593
8 69638723
6 034358
8 38915306
9 010771477
10 1162263690
3 133
5 27849
8 28092807
3 770
8 79794907
5 42716
8 53426841
8 54981449
7 3419411
2 38
5 02646
3 493
8 67893100
5 69975
8 37663226
7 4588649
3 102
7 7253853
2 17
2 13
4 2330
6 959725
7 4746324
10 0519966459
8 51880394
3 091
5 53163
5 20044
10 0631015735
5 27193
7 2640037
2 74
8 77281397
9 549889753
10 0997001855
10 2054316043
3 247
8 01349708
3 646
6 139011
4 6617
6 545784
7 4598687
4 2395
5 88552
6 809737
5 14488
3 433
7 6061290
6 497152
7 4498356
6 783682
6 638020
2 31
7 6965910
2 11
8 67905346
2 59
2 77
5 51160
7 8869700
9 334028223
9 916511308
10 1994780073
8 81477546
8 90668448
6 639478
9 866217561
9 260618226
3 517
2 88
9 565189368
5 44477
9 224163119
7 3158138
7 9922487
6 275177
3 026
3 718
6 908141
3 382
9 271761222
9 652061424
3 358
3 929
7 5296491
10 0688181509
7 0275051
6 656590
5 81544
5 68802
10 0807358919
3 094
8 32879522
10 1887595750
5 15133
9 096396956
4 8344
5 55139
10 0513654383
3 634
4 8737
5 53085
2 81
2 63
7 9457109
3 761
8 04806501
6 903326
2 71
4 6390
4 5912
3 212
5 61728
6 007015
8 04611124
5 83338
8 47884145
7 0800002
5 78803
2 04
6 990834
7 4351941
4 9972
5 99711
3 400
4 8552
4 9449
7 3616273
9 540756467
7 8303640
8 04236289
2 05
6 739754
9 897334413
9 442271176
8 27354470
10 1467600534
5 59346
9 920510734
2 53
10 1101081512
10 0329096151
7 8185221
6 778490
5 68416
3 984
8 73385461
2 44
6 562300
8 67460124
5 52026
5 95487
10 0584070061
4 5770
2 95
5 11282
4 4133
8 40851772
7 5236209
6 330099
10 0703745097
7 3242035
8 07724225
8 97288477
2 88
3 354
2 52
6 145778
9 389919379
5 63109
7 8888575
5 26786
9 501714529
4 4767
9 908041525
10 0601588068
6 933302
5 33532
10 1406346334
2 06
8 61019666
9 413048040
4 4954
7 9314232
6 901718
8 13463011
6 784437
8 48365706
8 44917412
6 482410
7 0558044
3 911
8 89416934
8 21181578
3 156
2 43
7 4255097
5 01741
7 9992654
9 905897088
8 11026018
9 749717370
5 98953
4 2127
3 606
6 775302
8 93895015
6 494701
8 85765360
9 084107922
5 34616
5 18042
3 552
7 3722468
8 24268460
8 33577283
8 14012359
3 639
7 6410434
9 672727677
8 33820655
5 26395
5 56544
7 6060324
4 3728
9 531070124
10 0776026963
5 87113
9 538624302
6 851074
10 1392845489
5 03594
3 714
3 513
8 30837351
4 1894
8 83032522
8 44890028
9 267202090
3 675
5 34950
8 57096866
9 896801966
2 81
7 7309912
9 350835384
10 1344658564
9 332045953
7 2896563
5 13131
5 44657
5 91920
3 667
9 188498949
2 05
9 487433927
6 972776
5 61869
5 47476
9 165233715
3 857
3 493
4 4429
9 016244051
3 913
10 1419271258
8 99008560
4 7453
10 0078494183
4 6336
8 44219027
9 170659143
6 723760
4 2897
2 66
5 61328
3 064
3 996
9 450214620
2 90
9 079296935
6 637807
8 33447331
9 718830075
5 08014
10 1829700702
10 0904749379
2 48
8 18613562
7 0877080
3 411
10 0813141504
10 1856261582
6 128673
6 744253
6 762791
8 08393017
4 3035
3 562
7 6298215
2 78
3 322
3 467
10 1236537448
4 8668
7 3329663
3 289
3 611
2 20
5 56129
7 9674852
4 3813
6 135870
6 908218
6 699015
9 146557360
3 054
2 02
3 905
10 0293667256
2 31
4 5357
5 68086
3 447
7 2249604
5 29084
3 496
2 78
9 106912451
2 50
2 33
5 41764
9 462154897
2 62
10 0650319369
7 5505728
9 495220489
2 25
3 757
5 65034
3 201
8 14240522
10 0069249721
10 0743790768
8 64198801
9 495806342
7 5363134
6 265275
4 8125
7 1947186
4 5159
9 107353447
8 94786703
2 75
8 68729250
5 20173
7 9262433
10 1745926501
4 2601
2 78
4 1893
5 12589
10 1521977831
6 929410
4 2157
8 39666154
10 0598362214
3 316
4 7579
4 5729
2 58
5 75632
10 1553999303
10 0898421849
9 868552108
7 1999658
6 642251
6 011732
7 8722816
2 94
7 0850443
10 0149948642
2 03
10 0384877927
10 1581770555
9 689254315
2 11
4 4808
3 137
7 6659822
7 6361888
5 49950
9 103388081
3 278
4 9177
9 785682223
7 5469621
3 629
6 255177
6 524310
6 956565
2 49
2 29
3 395
2 18
8 31004716
7 3312402
6 402801
7 7832701
5 44085
6 064452
8 16437850
8 87673526
10 1016553602
5 29388
5 70787
7 6405594
2 33
5 85397
7 8318341
7 0774450
7 6055425
3 724
5 03688
7 6550658
6 278655
8 71706785
5 65536
7 3385688
6 825367
6 329754
5 33733
2 95
4 4923
5 32747
5 34412
8 02756322
10 1741494050
9 098680769
6 060823
6 978215
10 0899362890
7 6605039
4 1664
3 268
10 0105154860
4 9539
4 8075
5 99813
4 4031
9 778926263
8 57056110
7 1780986
2 84
5 80602
7 8209534
3 342
5 76521
5 33554
8 75010814
4 1570
7 1556549
7 0154268
6 296547
9 027427622
8 22819346
5 95375
9 240552824
4 1968
9 616070820
2 72
10 1599714091
6 885483
7 8914749
8 73481502
9 952949212
7 4091237
3 885
2 37
10 0192448643
2 16
2 97
4 3445
9 441351156
5 25934
9 360440687
7 4218682
4 5621
7 3978095
5 39555
10 1542622285
10 0714555374
5 10880
6 508085
3 396
8 74968328
6 224718
3 907
5 46699
10 1742486281
10 0433205743
10 1019743592
9 768114451
5 61295
10 1198222288
4 4847
8 03305969
5 90800
6 625185
3 818
2 66
5 61398
6 708425
2 51
10 1801628721
5 60462
4 3505
4 1594
3 971
4 3206
3 740
7 2545537
4 0979
8 40309263
6 751575
3 097
5 11933
7 6636577
8 60408801
5 08186
6 034313
4 4690
8 13405406
9 274468478
3 527
7 1035989
4 2441
10 0264011681
8 33750568
2 84
5 47379
6 858388
7 1893177
6 996022
6 845445
7 1888556
10 1194305561
6 590280
5 05884
10 1702078697
9 352926794
5 07030
4 8917
3 656
8 23039657
10 0653014332
2 75
8 98679052
3 037
7 5138487
7 3011986
3 945
9 730820290
8 97544867
5 90984
2 37
8 80287307
9 532513367
4 6032
9 362528414
9 630334616
2 81
9 049415467
10 2054049048
6 502259
6 061692
3 930
2 93
2 15
9 360910099
3 280
5 77331
9 334477709
6 369165
9 868293073
10 1128262134
9 852440326
10 0189905637
6 204748
3 355
2 24
6 737604
9 947469684
8 08973428
2 61
8 79181452
3 916
6 880982
8 69682185
8 44551718
10 1472147726
7 4152004
5 24119
10 0783992903
9 980528679
4 8578
6 463305
7 5609459
10 1220991932
9 487887593
7 4466414
5 31440
5 76884
3 308
6 662569
3 032
3 231
8 61431052
9 873693030
9 158959570
6 637565
4 1666
6 550684
10 0790582916
9 128150364
8 44546014
8 50572259
7 2339813
8 32489876
8 33324565
4 8149
2 45
4 3337
8 73029083
10 1440883157
6 874430
5 33155
9 090654297
2 73
10 0144242807
8 64740426
9 493683419
8 96866276
4 8181
3 707
2 02
4 7047
7 8510588
6 995949
5 23104
8 36044678
2 32
2 34
6 378024
9 349356746
5 96548
9 117409653
8 81926210
7 8335905
6 148435
5 39841
5 35820
4 2837
9 067769977
10 0212218784
6 650596
6 523320
3 647
3 310
2 14
9 875972855
4 2933
5 25134
10 1760174790
7 2736239
10 0532101003
8 84045667
4 2025
3 584
4 9994
2 88
3 183
3 070
5 97114
8 40724206
9 371572141
6 158195
10 1162595921
9 828876922
3 073
2 93
10 0409538299
3 252
3 868
10 0947608679
9 118681908
9 627313156
2 27
2 74
8 66652311
6 350422
2 93
6 002231
4 1002
9 342789230
4 8667
4 2504
2 36
2 43
2 44
4 9671
7 7115141
7 6969296
8 83718759
8 64576461
2 54
6 628227
2 04
10 0480039165
2 63
6 443634
5 76972
2 01
5 99894
5 94017
8 55242970
2 95
5 39221
7 0929883
10 0825103613
2 06
5 49580
7 5271366
4 9495
3 696
4 5279
9 420462794
7 2175821
6 879164
8 02734096
5 15610
4 3222
5 67882
8 33977696
4 9479
3 462
10 1244332028
5 96623
3 532
2 77
5 77930
6 716262
3 512
9 015166875
9 754716855
2 10
7 5878038
5 44470
7 2073932
7 0060037
2 79
8 57143701
6 683247
4 4305
5 39148
7 9416711
9 717752843
7 9790506
10 0566574113
4 5736
7 2858353
8 33139785
6 986435
7 5015015
9 552439125
7 1146482
5 04608
5 76215
2 13
5 07986
7 2631454
9 507135791
9 359706727
2 10
6 400030
3 160
5 20097
8 41027478
7 9028552
7 5783251
3 602
6 175685
2 21
2 18
5 48772
2 47
2 58
9 721497228
10 0822529339
4 1077
10 1470252737
8 09220457
8 31909886
10 1339195718
3 485
3 819
4 1406
6 693650
6 099108
2 14
7 3085176
5 60810
6 747452
4 2571
9 971924681
2 66
4 5589
10 0314682956
9 274739963
3 265
10 2081373995
10 0013601888
8 42632644
2 82
5 80958
8 51312336
8 22429110
5 24821
9 877163890
3 059
7 9563745
2 94
6 700600
9 039321162
5 76677
2 65
9 130369568
3 778
10 1927433792
5 50317
9 202409261
2 89
8 30568505
4 7638
8 06502156
7 1853670
2 26
10 0058327940
5 66719
7 3465195
5 33235
10 1642810420
9 036139813
6 437720
2 63
7 4937412
8 16283396
10 0659830448
8 31689412
6 617000
2 36
5 90174
8 37172091
3 741
8 37783569
6 882206
7 7710848
10 1483252312
4 4529
10 1134973323
2 22
8 70693069
9 335678089
8 04062423
5 17956
7 0591774
3 150
3 258
8 80016414
8 43726403
7 8051640
3 492
5 33939
5 45855
4 4541
3 518
5 46266
6 729486
5 67809
6 124560
4 0389
10 0969264561
6 114634
10 0496623484
3 171
6 963737
5 74848
7 1035653
5 47738
9 147326312
3 038
5 07594
7 2972770
6 620363
3 694
4 9048
8 55977610
6 534326
9 047002780
4 2350
7 7024049
3 116
9 062382020
3 740
6 214629
5 18389
5 44235
10 0381444028
5 95768
6 173936
3 667
5 72249
4 2945
10 2099428227
9 797580737
6 383678
5 69368
2 35
4 7915
3 499
7 5176181
3 915
8 86274576
6 153774
4 1687
10 1874660511
2 99
2 36
8 23972040
2 70
8 07524844
7 8673916
9 223523246
9 094878305
2 32
8 14050057
10 1222124396
3 381
6 364268
4 2022
3 570
9 213126014
3 350
6 890313
5 97266
3 521
9 229307188
7 2849027
10 1207269741
7 9767948
2 88
5 69138
5 77683
3 561
9 208072027
4 0611
3 173
4 6566
6 672327
10 0684666266
9 238881968
5 24408
6 911225
3 943
3 471
10 0202286844
4 4602
8 88429547
6 341502
4 6940
2 48
2 27
3 528
4 0797
9 698492278
2 01
3 203
2 54
2 00
7 9830098
5 35942
3 482
6 489277
2 85
6 805843
10 0642760661
6 859081
4 4865
2 87
8 16908817
7 0715429
2 63
8 57943532
7 5553412
2 19
8 32164756
3 157
9 508122409
4 7621
4 9566
9 113089472
9 735063759
9 086839720
6 754514
4 6990
4 2724
6 177303
2 52
2 57
8 36232772
7 7539032
2 90
6 517120
3 328
3 098
10 1676330909
4 3473
8 71301475
7 2365997
5 91453
10 0526235673
4 5407
5 31965
5 66516
8 38123981
2 03
8 73229521
8 20767906
5 16296
8 42767734
9 713908480
3 316
3 016
7 0067852
10 1572590133
9 384691352
5 19835
2 87
3 924
9 081235427
10 1385669995
8 58911270
8 25897427
6 162510
2 15
3 822
7 4061592
8 48600253
10 1248676634
8 12512325
2 15
4 5278
7 1326790
9 358064455
3 120
3 971
3 817
3 336
2 21
6 277673
7 4962444
7 4445184
7 9846338
4 0701
5 46247
10 0744822444
7 8393056
7 8302664
8 64860839
6 687264
8 90699707
5 65779
3 180
4 1121
8 04934962
10 0022249242
2 94
2 99
9 132256216
9 718164657
3 578
5 41529
6 451176
3 833
3 017
9 443440327
8 41523685
4 7249
4 5222
9 068840520
2 69
10 2012790295
3 541
7 8086899
10 0714408346
10 0559108276
7 1755011
4 8911
10 0334126702
2 07
7 3062195
4 4444
4 0045
10 1965623098
9 039799120
3 156
3 085
7 9410556
6 431949
10 0460992439
2 64
10 0449585571
7 2566872
4 5619
2 80
3 294
7 6350465
8 02634007
6 519488
3 130
8 60269780
8 31800301
8 97371441
9 349291547
10 1701224665
2 37
3 701
3 109
7 5290092
3 500
5 61606
2 99
2 89
4 8935
10 1594247968
6 708038
2 04
4 2670
2 01
6 652536
7 2498204
8 19499300
4 4534
5 67183
10 0298393841
4 0650
2 82
6 100223
9 252439312
6 330201
6 770224
10 1806237733
9 361579284
2 25
3 974
9 019340456
8 36594887
5 04788
10 1161398517
5 50400
10 0943233359
6 864157
8 29188556
2 17
5 89891
9 633347852
2 62
10 0484540747
7 3778694
8 02621984
10 1118936486
3 198
5 18548
3 499
10 0101084663
9 987025775
9 347007653
4 4916
7 5370665
10 2110340429
5 89503
5 53376
2 72
4 5464
10 2112848297
8 09754934
10 1129192592
10 1692348861
9 382242823
6 744557
2 11
9 527645509
9 320692969
4 9178
3 062
3 895
5 80593
10 1635672583
6 804396
5 88783
9 594994552
10 0601986532
6 722906
7 9214637
6 950457
5 93216
7 0762231
4 6037
4 1854
8 00035187
5 67526
10 1232441833
3 354
6 067989
8 08395169
9 862108499
5 49546
9 032609570
3 777
8 12238182
4 9755
2 55
3 827
2 39
8 39910611
8 70344949
5 60808
2 62
4 3903
9 732618969
2 80
2 98
10 0911338853
2 31
8 29701628
4 9217
6 773415
7 9579722
6 497621
8 65567275
3 339
6 719075
6 731711
6 455014
2 92
4 7391
6 317805
5 85504
7 9656309
10 1105974992
8 25598653
2 73
4 9139
3 663
8 97101360
6 591345
8 13160515
9 357075199
7 8404809
8 29074192
5 36901
4 5679
10 1492396824
8 20644068
5 20522
7 3927424
5 25975
8 46891244
8 80807549
4 8226
4 4197
2 09
6 096344
2 90
10 2089846725
2 08
6 081770
9 353987389
4 9574
6 564433
9 006283223
5 09272
5 27658
8 34137016
8 41089127
3 469
3 166
7 3374389
9 445085590
2 17
2 66
8 51964998
3 416
6 820936
8 33100198
8 97589438
10 1054393578
6 025323
9 615731930
2 48
7 6493933
3 382
3 047
4 5315
2 54
10 0057302008
3 709
3 010
7 5219395
3 467
4 9315
4 5718
7 4348968
10 1720276833
6 439732
6 418308
7 1131950
8 71577821
2 65
3 338
8 56976172
10 2057220340
3 354
7 4285710
5 20000
8 15861046
2 87
4 4912
9 031874157
9 363459357
9 309080431
3 258
8 36026707
8 16112083
4 7568
7 7920544
6 371121
7 5977974
4 3291
5 18280
6 610214
8 83318959
2 94
10 0715469108
9 033838321
8 35913192
9 514322483
8 48163839
4 7882
10 0951662767
9 066141048
6 099192
8 09756900
9 745721700
10 1501340851
2 82
2 10
8 29074419
3 017
8 81376459
3 346
6 925147
8 89999454
10 1593176372
3 613
4 2787
5 55155
10 0677083535
5 05498
7 6802246
8 75761568
6 930119
8 70357226
9 417107087
5 64419
9 710466286
5 89550
2 46
3 124
9 429372692
10 0221928163
9 156965750
4 0163
10 1530595374
4 0873
8 50914715
7 8092405
8 41978723
10 0100365725
3 227
6 569357
7 8999261
3 651
6 664263
8 52451879
9 824772864
9 099871491
5 63360
3 252
6 653668
4 9059
5 40270
10 0732929570
2 48
3 156
10 1793725440
9 527230893
4 5772
10 0523120261
8 18925671
6 616046
8 49952182
8 30469854
3 545
9 177106981
10 0681481935
7 5943949
9 497810209
9 111657550
3 166
7 0480037
5 85571
5 68012
2 79
10 1173530434
8 34860414
9 082980442
6 150371
2 43
9 664740754
2 81
9 053596569
7 8061246
10 1662065301
2 92
3 855
8 50193778
7 7837164
10 0389399826
3 416
10 0169926251
3 094
8 22872130
8 66356990
9 364615733
7 8649855
8 29836786
10 2090022645
7 8685907
6 133181
9 013871118
7 0909280
10 1650379168
5 59391
6 423493
4 5607
2 89
5 72789
7 4594870
4 6798
2 76
8 88557818
10 1438919429
10 0599995046
4 7465
8 55937439
7 0607969
3 185
10 1750625869
2 83
8 80271384
5 31810
6 359496
10 1333997845
5 50731
8 81681322
8 66177648
3 621
9 053852307
7 7735118
2 47
8 96674709
2 82
9 021442705
2 74
3 917
10 0180782336
10 1651767284
8 39929030
9 211128903
7 0302477
6 890720
8 15565718
5 09907
4 9009
7 4004151
2 88
5 39473
9 586088810
9 047296473
6 740071
4 4895
3 821
4 0592
6 520012
8 64505965
7 9636073
3 967
5 79027
7 9652522
5 06604
5 64644
10 1019368237
4 9162
5 35352
4 1383
9 803344729
9 004214183
5 94809
6 868106
10 0059253326
9 510170015
3 108
5 07544
4 0561
9 608546875
10 1122433091
9 816114058
5 48341
5 74727
10 0903361560
2 69
3 741
3 544
6 133483
4 1076
4 3073
8 97792561
8 43266426
5 25373
9 993176523
5 06857
9 611716472
6 443646
9 681726839
3 211
4 7188
9 144311041
8 67595388
7 1835831
2 87
5 32033
7 8220704
2 45
7 0857404
9 601236822
5 04519
2 46
10 1623880946
10 1716302157
7 4370970
2 37
3 753
10 0335590439
7 8715515
6 913365
2 82
6 204114
7 1486345
5 26421
9 331926930
6 410380
2 74
3 792
4 9223
6 144709
4 0671
6 124703
2 28
8 60427918
7 5657764
2 49
2 82
6 166585
9 238233327
3 480
8 71688953
7 7591706
7 3279191
5 49151
9 140747800
4 4959
9 224383811
10 0789194600
10 0742484804
6 475439
9 803963802
8 61202568
9 204315956
8 36772568
7 8194864
9 012709540
4 4614
8 85712397
9 927578097
4 8572
6 588113
4 7073
2 46
2 17
9 587610543
10 0691103271
9 846054697
10 0834973887
7 4707697
6 436289
5 01208
4 2730
5 63428
2 32
9 473093028
8 94416479
5 93491
6 169418
10 0181197929
9 231213740
8 44248796
10 0865415522
3 203
7 5706851
3 217
6 265813
3 323
7 3001952
5 00023
7 6342981
5 64244
3 544
8 53969364
8 57727125
7 0547702
2 17
4 7876
5 32696
5 13401
8 62760331
7 6982688
8 13451748
7 5111040
3 115
7 9047040
9 772920466
4 1908
5 01723
9 435903677
3 917
5 69713
3 230
10 0548777378
9 129057373
2 26
7 8089102
6 360201
10 0940539878
3 606
8 05715008
4 5441
3 634
8 75979189
2 25
5 65206
7 3366950
3 980
3 566
9 386060811
2 43
2 96
10 0370065504
8 95693148
4 3495
8 47734727
3 753
8 67650330
9 671550221
7 9231097
7 0545090
9 049790492
8 75563928
7 3559573
8 95892535
5 60785
8 50450374
10 1223591676
8 07359684
5 37612
3 282
5 58035
5 85211
5 09127
3 237
2 82
8 82052880
5 27720
6 025703
2 06
10 2046140382
4 0321
7 6982278
5 39339
8 05299525
9 905001493
4 5643
6 268195
9 679484247
10 0777102639
6 233898
4 0516
5 08848
6 452643
3 585
7 1885494
6 579794
9 141698429
8 12774164
2 38
5 31072
6 927496
7 0130464
2 23
8 01105717
9 905085900
4 5236
4 9099
4 7356
3 340
8 26305744
6 513261
2 49
3 314
10 1396565811
7 6536854
7 7387988
8 83009951
2 46
2 16
4 0437
7 8170784
8 49308184
2 62
2 77
3 833
4 0637
8 77198316
8 70975137
7 5712804
5 28387
10 0191270536
4 0362
8 50551180
2 14
8 79754276
6 452464
6 003176
7 7787647
8 30572540
2 94
9 880042051
3 820
2 22
8 93468054
4 8610
7 4641238
9 259629169
4 9634
8 09343764
3 397
3 851
3 805
2 61
10 0819759370
9 655605430
2 27
10 0399507948
8 50436904
7 8653257
3 949
4 1401
4 7366
2 91
5 43624
5 20052
8 44082001
7 8590883
9 144691635
5 97611
10 0720933498
5 62522
6 299578
9 680563924
9 065257192
3 442
9 067521754
5 38681
3 117
5 78825
8 90130133
7 3407115
10 0061219485
3 644
6 732094
4 8477
4 6001
10 0032653921
8 94027821
6 568415
8 07467732
3 156
6 869052
4 1310
7 5321714
10 1411857615
2 17
7 4696685
7 2295432
8 78578674
10 1916475938
10 0713725823
4 4503
8 74840223
10 0312113942
10 1142243690
4 8495
9 499603864
4 3388
10 2123695421
6 674366
2 54
3 470
4 3637
2 73
2 32
7 8342167
3 955
6 311700
5 31698
7 9887817
9 552523669
3 587
5 26564
6 985412
3 782
8 63824077
5 82214
4 9479
3 153
5 40867
3 516
8 12991241
5 56056
2 02
3 287
8 39263144
4 9835
4 5194
2 63
6 257440
5 90385
9 937858685
9 058272416
2 04
4 8721
5 01207
10 0910185058
7 2741061
2 93
5 45221
8 86727586
7 5107041
8 99960153
4 6525
4 5545
8 37746813
8 41045483
2 83
5 42718
8 45476173
2 62
7 2635030
10 0180386180
6 800587
4 9211
8 20236358
8 69186878
7 3130571
2 38
10 1764621947
4 3767
7 2566166
7 5523314
8 21229854
10 0532549792
5 13824
2 08
5 83679
10 0023674002
8 94200214
5 62779
8 30800010
9 214812675
4 6688
9 487316735
9 890201249
4 6451
5 46104
4 1169
9 452758501
4 8339
10 1753835168
7 6653884
2 40
10 1100635818
4 1099
3 179
3 606
9 883964396
4 7220
2 85
2 85
10 0105408589
2 05
7 5786400
3 071
4 5085
8 73699191
4 3792
10 0310103208
5 83838
4 4560
8 61821769
9 471303577
6 193165
5 00000
8 61351971
6 920291
10 0333574779
5 30318
8 24594603
9 963178623
6 292333
8 14975010
3 749
7 6212088
7 1898877
8 88247662
2 18
4 9516
3 740
7 7826538
9 270720206
5 07271
5 25025
10 1616172517
2 35
10 1420435669
2 58
2 94
3 249
5 65699
2 34
6 141126
2 52
2 88
10 2114836511
10 1614922404
6 930207
4 4407
8 00316321
6 807565
6 440768
2 25
10 0584686618
7 8274186
4 6505
5 95995
8 72369599
2 43
3 115
8 29626244
4 3109
7 9876401
7 5911029
2 05
6 334085
7 4274059
10 1068331109
5 93632
6 079059
5 25948
7 8724055
6 862355
3 768
6 960558
2 82
5 29214
5 51803
6 503164
6 482776
10 0419339239
10 1326322291
7 0108066
10 1299956786
2 81
7 9402220
7 7277761
10 0844268076
8 04252634
4 8066
5 02079
3 347
3 244
4 3261
3 039
8 81403177
5 69250
4 8928
2 73
7 7011719
4 7911
4 5187
9 897056568
9 957508492
10 1001689459
7 3555099
10 1837038659
8 38339185
10 0112872300
3 663
4 4836
9 942371617
2 12
4 7755
2 63
8 45044992
8 06349767
10 2010885250
9 726436147
8 09748241
5 43005
7 0233498
6 174786
7 2402271
2 33
10 0732515778
3 126
6 673108
4 0645
9 077999076
5 16690
5 49187
10 0789166953
5 89144
6 677236
2 59
10 1576340726
5 18257
8 00083944
6 595304
6 195814
6 640799
7 5031182
5 00431
6 911123
8 44204141
4 3576
7 3294271
9 389820470
8 51146334
7 2137153
8 61834300
3 303
8 59026097
9 823789438
9 087968377
10 0281765187
8 07732545
9 909923084
3 550
2 84
7 3278373
8 32958371
5 35646
8 15672411
6 792901
5 73373
4 3797
2 11
7 2162628
6 483999
10 1803303507
5 56534
7 5561908
6 101733
10 1091046530
4 5149
5 42981
6 413899
2 15
3 959
8 41928580
6 841521
4 2713
4 4975
3 239
10 1055569051
9 819360864
6 544502
2 08
8 17669231
2 04
4 2046
8 23930606
8 13167469
3 961
2 93
9 836511114
4 8622
8 37745499
5 08225
10 1395375275
9 607909836
2 13
6 175264
2 26
9 319774265
10 1996681581
3 573
4 8609
7 1964212
3 823
10 1188983463
9 153422071
6 444821
4 2034
2 13
9 712430322
4 6153
9 588514893
8 85739361
7 4628617
7 4894606
4 2642
5 55089
3 926
7 2431174
7 8966210
9 470905391
2 75
7 8588557
8 96503258
10 2096855123
3 124
4 5819
9 169215397
7 0930189
6 817863
8 00186917
6 738327
9 365448109
3 012
7 2085354
6 810272
8 97481209
2 09
6 441161
7 0809040
3 851
7 1276616
4 4534
2 08
7 6852380
6 645871
9 041561629
2 09
4 5155
6 889021
3 948
8 05363959
3 345
8 86500979
7 0098188
9 081895494
7 4402537
7 3284062
4 0475
3 147
8 07912094
9 752588506
6 660920
5 83461
6 143240
4 2936
9 243104479
4 9050
8 13874516
3 682
10 1356786402
4 4095
7 5896638
10 1647482362
2 32
4 6322
8 04357231
8 36064001
5 50047
7 7450578
9 808952648
4 3828
7 0876762
10 1782803304
9 471705613
10 2051240334
6 356867
9 004713658
9 489385292
7 9363324
6 792882
4 7403
8 54753530
10 0417684617
6 781571
6 029568
10 0237875062
6 307699
9 685028980
3 807
10 1908259695
10 0837742960
10 1080963276
10 1234419124
3 990
2 96
10 0438321150
7 1628338
8 36299908
5 94609
10 0746964502
2 98
5 23927
10 0896107742
5 67106
4 3852
9 596936043
3 419
7 8219782
2 91
4 6696
5 66997
10 1589791139
8 30838879
6 840994
5 88878
7 1690371
9 414161413
7 8660679
7 4199909
8 57429057
10 0458487290
9 567983277
8 37297124
2 05
10 1284108183
5 03055
2 49
2 71
7 8217946
6 570869
6 698766
4 7754
9 143691890
8 39645687
6 032570
3 264
5 88900
5 15921
3 952
7 9380092
2 81
3 020
10 0211326398
7 3593710
4 3509
2 22
8 83458524
6 918807
8 32516413
7 2591270
4 8294
5 01547
3 076
7 2463219
8 75857347
4 3869
7 6075514
8 33904210
3 833
5 46258
10 1902695205
7 6965970
3 760
6 853200
3 975
7 2423508
6 664006
10 1350847464
5 58875
9 057206167
4 6698
6 347751
3 278
10 2093664125
2 87
5 24806
5 56867
10 1932664225
10 1268808258
10 0014273152
4 8249
3 855
3 715
3 041
5 67706
5 13166
8 58232597
10 0814149321
7 1945583
8 37687339
2 86
10 0177238666
9 573535626
8 78444733
2 22
5 66823
9 709414546
8 81106230
5 00702
10 0693249556
7 8685184
9 199571869
8 24739992
9 751104009
5 50988
6 930098
5 36198
5 69980
2 60
5 48413
3 950
2 05
2 19
5 32462
6 403859
8 75893433
5 61093
10 0261523177
3 844
10 1622619364
2 87
8 28294059
5 50931
10 1356859262
10 0975911456
2 26
9 651739264
7 1856607
6 045267
2 56
3 792
4 4521
3 644
5 15026
6 721238
6 987673
3 557
6 543563
10 0131194828
7 9255483
6 126852
6 283044
2 41
9 125829703
10 0918861425
8 64645638
6 034953
6 662806
2 10
7 5799789
7 5628574
9 642687926
9 101618252
10 0350645323
3 666
3 717
5 85316
7 6176339
6 374765
6 400369
3 006
5 34111
2 19
3 612
4 1101
2 30
4 7920
4 1159
7 6524297
5 25605
3 289
10 1961468833
10 1921880084
8 86449167
9 177200271
9 604523743
4 1896
6 283940
7 2571123
9 432247497
9 119399657
5 98251
4 8835
8 38573750
4 2245
5 44447
3 030
5 94844
8 36491157
4 4667
3 253
10 1787416057
8 77158968
10 2034212565
6 658253
9 521008667
2 41
7 3235488
4 2681
3 760
2 46
7 3307164
5 01191
2 42
9 158378725
9 069500128
2 23
7 3559479
9 121165238
7 8226634
8 49264810
9 551881402
4 4924
2 31
7 9442481
10 1279435235
2 50
6 185756
2 12
2 42
8 98314012
3 167
5 08812
2 79
9 853125043
2 42
9 748126419
4 9809
2 87
7 2211652
2 32
10 1982738448
7 9421991
4 4029
10 0661634460
8 26071293
7 6833746
8 32116412
3 459
10 1840932962
3 310
3 061
6 242153
10 1746299777
5 16263
10 1491625360
7 5191021
2 83
5 37070
4 8467
2 87
6 936354
7 3364573
5 21797
8 57833663
5 41591
10 1951317967
4 1406
6 972227
8 27547164
4 5317
9 988834138
5 69038
8 36435702
7 6498037
6 393990
10 0066396634
8 72990063
2 15
10 1118859943
4 9323
3 803
6 024891
5 10115
3 449
5 85609
6 546156
4 4808
4 5173
2 06
8 76417384
10 1385220387
5 11045
7 5091577
6 938662
7 9492691
4 9407
6 571628
8 75274408
5 91417
8 18255374
2 76
6 229478
7 4433077
10 0432804999
5 34213
10 0944451432
9 504552753
6 981403
3 690
4 2203
5 74403
9 104746227
2 13
6 744126
10 0130958198
8 13609761
9 170317384
2 11
5 80242
7 7770249
3 046
7 8785409
5 00511
9 170150482
7 0719582
7 1004582
5 77000
9 824356369
8 50804150
5 01996
10 1652616349
5 03874
6 383701
8 72716898
10 1781511849
5 78400
2 82
6 971399
6 963325
6 231895
10 0129417271
2 94
4 3639
3 237
5 50111
5 86489
2 43
9 107249249
10 0565803902
3 341
2 48
5 97350
10 0491765254
2 75
9 008423336
4 1487
2 00
8 65434879
6 154349
3 733
3 701
3 625
9 204358938
6 114794
10 1161835374
2 43
7 0390228
9 505516204
3 748
6 400413
2 02
6 857691
7 2916634
5 01394
2 38
9 951891796
7 5152053
4 4137
6 380999
7 9673832
8 91310418
5 54100
8 99477422
5 88832
8 91039737
4 4606
2 46
8 13254094
8 21271220
5 21468
3 319
6 596998
9 416557741
9 035734716
2 70
6 671467
8 77593677
8 42536538
6 812224
8 69174973
3 968
9 269062605
6 241876
6 898951
5 04891
6 540707
6 066388
9 083900286
4 1545
3 223
9 165043552
6 986560
3 961
6 741032
9 755981173
6 205851
2 36
8 91576959
4 5155
6 999613
6 012683
9 448382960
3 377
2 53
2 50
5 19294
8 56565818
9 712115383
9 003061656
8 39912318
4 8772
2 26
10 1569386626
7 4987224
8 15373249
7 4194532
4 3509
3 707
9 197377091
7 9606513
2 89
2 95
7 4664365
9 282205692
10 0372777997
4 7907
5 52531
2 81
9 108019272
4 9995
3 595
7 0811157
9 151948371
4 4696
6 058829
10 0051137156
7 2169721
9 250238483
7 3315882
2 60
3 537
4 7001
4 2654
9 323519282
7 5897293
4 0799
7 3033804
7 2154697
2 72
6 340342
6 086955
7 6279925
2 51
10 0038607114
10 1221478935
10 0292314265
8 52110647
5 37596
3 802
7 6195227
8 07636155
3 335
5 44334
4 4839
2 78
8 68730212
8 60502680
4 6761
5 61249
10 2087111217
5 83803
10 1251630360
6 933101
9 554337751
10 2051024835
2 02
2 08
6 363654
5 76423
7 4240252
8 10106379
6 429639
3 658
8 96532595
6 106628
8 52647444
10 1768101998
8 25901233
8 98878466
8 53302059
5 04666
9 913596996
5 70152
7 9208768
4 1848
8 10272480
2 90
10 1543789991
5 41224
7 9072756
9 381515454
6 254636
5 30710
8 81685256
3 206
6 845181
8 20238430
10 0181758599
2 81
5 87861
5 32740
8 20141961
8 12495165
6 366779
3 242
8 45000593
9 781192440
4 2852
2 51
4 5030
2 77
8 20070881
6 968742
5 05141
9 522796848
4 1656
7 6269695
3 871
5 88273
4 7601
5 53537
2 15
10 1702989776
5 18184
9 023218229
8 62272236
7 5609779
5 56565
6 688950
2 96
4 1060
10 1551731739
10 0665920774
9 100338320
8 10876612
7 6217267
8 10806820
2 31
8 60408302
3 528
4 6583
5 19241
10 1402878235
7 9747587
10 0812570216
5 69336
7 4627539
6 414736
5 96389
8 81973713
9 140341681
7 7919502
10 0017551866
8 17461451
7 7855350
9 814103052
5 43096
6 550999
5 30804
5 21221
8 37061673
10 1605358649
10 1451124336
7 4753878
5 59145
9 595910078
5 51275
3 033
8 74757914
5 79662
5 84167
8 78544253
3 713
8 57181299
3 542
5 69538
6 225781
10 0923693780
5 34277
3 194
7 0207953
5 43306
2 05
8 10178721
3 175
9 428863440
3 451
9 044312958
5 19298
7 8180033
3 482
5 34056
2 64
8 03538085
4 8198
10 2074170868
6 855256
4 8083
7 7455865
3 285
10 1823361540
3 735
10 0384319770
10 1881646859
2 07
7 2784909
2 69
8 65200458
8 61379505
5 80726
3 175
7 0836558
5 98473
9 261166597
9 408547797
6 511731
4 7311
3 033
3 864
4 6150
5 67490
3 713
6 322728
5 12644
10 1054378067
9 648222640
7 4377669
3 378
2 39
8 93546834
8 03124562
9 725377327
7 2329736
9 012215308
3 309
7 3550823
5 05222
8 93072162
5 13060
6 662888
3 529
10 1297382074
4 4727
6 164693
9 824034132
5 32907
3 797
3 273
2 99
10 0040805837
7 8660039
3 112
2 49
5 09564
6 729081
5 83441
2 32
3 160
3 672
10 0333100330
7 7121085
2 03
4 9824
10 1252089119
9 073334057
3 083
3 617
10 1751292062
8 80650470
10 2143574128
2 82
5 35865
3 437
9 642416526
10 0012057583
9 858003266
9 412950094
7 7618903
10 0120943650
3 393
10 0167635683
7 1304508
3 024
9 255518171
6 147253
9 607186749
7 9682573
2 51
8 51303343
6 084472
3 886
6 539596
2 64
8 94777602
4 9226
3 973
8 32462823
2 14
9 677543757
8 21877693
2 37
6 761398
8 26719760
2 73
3 931
5 84031
8 52623940
10 1362033501
6 114830
5 12118
4 2450
10 1771581671
8 16352926
8 95122121
6 526023
7 3620397
9 951096961
3 070
7 3911049
6 356177
6 294594
6 490501
5 96539
7 1414739
9 885851457
5 74483
10 1273165301
8 22459181
10 1687509091
4 7614
5 13820
10 0518659226
8 08966160
4 3855
8 29338745
7 4985542
4 2945
10 2025068225
4 6398
4 3558
2 78
7 2291763
8 18560547
6 958759
4 4950
9 410621105
2 37
5 89552
6 344333
8 83350459
2 43
2 69
10 0200328396
7 2724925
2 15
9 623212650
3 525
10 0259132424
6 804413
4 3063
7 2013909
10 1902148133
7 3090853
3 248
5 20148
10 0587634616
8 28197060
5 25380
5 01083
5 70251
3 141
5 42343
8 43636370
10 0158435090
3 303
6 610146
9 262918675
2 63
3 021
3 066
7 9188870
5 51461
6 579419
8 88427738
10 1092559851
2 05
4 3594
3 010
3 768
8 39007099
9 726756255
8 36691988
4 4581
9 718200810
7 6386066
3 771
10 0786790262
4 3570
6 612131
2 87
8 47252002
4 3327
2 45
6 748265
6 930790
6 129089
9 108405314
8 36394679
6 362981
8 18399497
6 790069
2 36
2 58
5 82716
8 87771568
8 88470023
10 2002612148
10 1246205519
3 040
3 359
10 1175225502
8 42956580
4 0878
7 3960712
6 463101
7 6609260
10 1946127182
9 609866206
5 99855
2 81
2 78
2 46
4 4507
8 33640424
10 0140303354
9 960180082
10 0334830936
6 676025
6 520625
9 263672026
10 0483029650
7 1269601
7 2763587
6 486277
5 01081
9 283167570
2 68
4 1339
8 82628485
7 8726327
7 0919251
3 048
7 9592127
4 2001
3 162
9 663612831
2 18
9 415508998
7 1050943
4 7752
6 109038
4 0336
9 079386942
6 587034
3 143
9 237463619
3 474
2 81
2 93
6 957353
10 1248654314
2 69
6 001672
4 6642
9 392789046
9 321120992
7 1562420
7 2702043
6 845708
6 481142
2 38
3 245
8 56418133
7 7215865
2 12
8 54444483
5 76107
7 4212464
5 06675
7 7346747
9 851729853
2 58
4 1772
7 9274340
9 144717631
4 5683
10 0932732947
6 207686
3 458
5 95660
2 75
9 652115349
6 869399
6 699714
6 603272
5 04499
5 46905
6 658102
2 12
3 509
9 005204276
3 265
3 472
3 009
7 0561208
10 1345353853
2 12
5 12617
7 8829720
10 1166734989
9 073375146
4 8821
5 70498
6 907081
6 422070
2 58
5 97783
7 2596274
7 6342179
6 863890
10 2028533952
6 610422
9 527719649
2 31
6 051724
3 713
8 05556861
3 625
8 18303514
6 673774
10 0501464649
3 634
5 18259
5 10391
4 0896
10 0845496530
9 152408376
8 31788317
9 108829993
7 9193747
3 073
3 291
8 90022699
9 747788646
6 527975
6 084501
6 476156
4 1408
2 97
6 803910
10 2085672433
2 46
5 23746
3 539
3 217
2 60
3 452
9 552119577
3 719
10 0356542069
6 403347
7 4285670
8 26095706
4 2974
3 582
7 2792101
2 26
7 2773880
2 15
3 163
5 67059
10 1348347675
9 739615126
2 14
9 052891827
3 892
2 54
7 4723733
5 32345
10 0284702520
6 773592
6 596998
2 72
5 68342
7 8386298
8 19506472
3 180
9 005997220
9 920837751
8 82690504
6 709670
7 8573808
5 22662
8 43829389
7 8144249
10 1227691638
3 882
4 5112
10 0492175867
9 454774242
8 79709312
2 27
8 47167566
9 822714799
8 49286034
9 746767600
10 0339285403
2 81
2 02
7 3879425
3 679
6 250097
5 76052
3 068
2 15
7 9146788
2 29
7 4418820
6 556815
3 966
4 1626
7 3354906
2 79
2 46
3 410
6 901237
10 2140948287
5 68355
7 7352895
5 08962
9 391665438
2 90
7 6667118
5 98463
8 62773733
10 1106099486
3 348
10 1382235092
10 0428059385
7 2841713
6 593762
5 41589
9 648410637
6 415444
7 5206072
6 454148
7 3929213
10 1149119678
9 523282853
2 68
7 9904923
3 002
5 39551
4 4002
10 0126435337
5 10084
10 1491105019
5 03853
8 62477970
6 828245
4 2760
5 55553
2 36
9 387934656
6 826077
2 79
8 18772783
5 94975
4 3428
2 71
6 377397
4 4217
5 89380
6 030777
4 6425
3 746
3 768
2 11
6 531235
9 555372645
7 9122496
6 604664
3 958
2 65
3 320
5 34855
2 43
5 23838
2 00
6 462379
4 9990
4 8162
9 955069776
5 19714
8 74400545
8 83958323
10 0532311335
4 1024
7 4695330
10 0770327383
3 226
10 0415368073
8 37194016
6 094549
7 2962879
6 879193
4 3405
8 64996979
7 4675733
9 116474193
3 404
5 48375
3 208
7 9964385
8 92674388
2 94
7 7070359
10 2131300488
8 15342878
7 4990943
10 1645468318
7 0714978
7 5963844
8 64661257
4 1354
2 11
6 117024
10 0294939850
8 34012685
2 75
10 0677712355
10 1675288040
7 0435336
8 41563442
2 21
10 1889116676
3 874
10 1343789015
7 3092668
6 093351
8 94618427
6 857133
5 87900
5 97036
7 0701218
2 11
2 81
10 0078228993
7 9929635
5 45488
5 63173
3 548
7 6026524
10 1314257822
3 187
5 89567
4 2140
9 872605418
4 0036
6 846978
5 17318
3 533
5 92096
6 851120
3 961
3 988
10 0007091478
10 1430745239
2 51
10 0497269898
6 386939
7 9469957
3 519
5 75473
2 82
8 17476514
10 2098906145
4 8051
6 720573
9 934736325
5 92133
2 26
8 46400201
4 7965
4 1730
5 64994
4 0033
6 004102
2 80
4 7812
3 730
2 15
5 78374
10 0675771821
2 90
7 2681186
10 1833844811
3 386
4 4229
9 090542720
3 919
10 1518654630
8 44259018
4 1857
8 74854659
6 222913
10 0021930347
7 1262969
7 3148394
4 4021
2 88
7 9217812
10 0764077120
3 167
10 1616397254
3 309
8 88648601
3 830
4 3375
9 689609670
7 9753708
5 20128
4 4211
10 0436809129
6 834239
3 643
4 8357
10 0848830330
6 206006
2 79
9 242769384
4 2490
10 1970098780
6 358309
7 9002359
8 56072894
9 625800563
9 972956475
9 927892471
7 2990085
5 15106
4 2941
5 03535
6 285293
9 862011768
8 63461859
5 65312
7 1231841
3 670
4 8952
10 0322074483
9 554173801
8 56521220
8 83212525
9 641928584
4 3105
10 0196898690
4 3505
4 9317
6 344472
10 1603349974
3 941
10 0594737032
4 8435
5 89637
5 37436
10 1006911937
3 519
6 357865
8 52879552
2 55
3 491
4 5055
6 287923
9 250607851
9 802058161
10 0140471430
6 905816
4 8941
6 844517
9 105034343
10 2089162699
9 233609542
2 90
7 9802614
5 70208
6 860704
9 155475319
6 709400
7 4476484
10 0971428342
7 1791428
3 452
4 8235
5 64201
9 150967972
2 58
9 507744825
5 81593
10 1683944360
4 5015
3 533
4 3972
10 2038081479
2 98
7 6923327
10 0154125314
7 0922265
8 84961057
2 60
2 57
5 23802
5 86507
8 90360321
6 941948
5 01363
7 2051954
2 34
4 2452
3 355
4 1182
9 638022743
7 1225495
9 346932262
8 59491861
5 11810
6 926906
8 61407538
3 592
4 4217
8 31105245
3 207
10 0945439829
8 72105830
8 07198108
2 33
6 138573
7 7682138
10 1887846637
2 72
3 175
2 72
6 930746
2 99
8 96603474
2 83
10 1325937349
6 898623
10 0720316385
7 3255813
8 33181343
4 0135
3 326
8 99716688
2 25
3 517
6 762442
5 75338
6 485153
6 877232
5 88305
6 830051
6 188958
9 846635538
5 49479
10 2111536188
9 766542401
8 43783443
8 52551300
7 5494395
6 800144
6 328230
8 67947154
8 32288480
10 0549586457
4 3639
6 905879
4 3122
2 64
2 85
5 76363
4 5370
7 1404453
8 06813843
10 0615141650
5 86432
10 0688605855
2 85
4 4583
6 501669
6 507629
3 507
9 564438998
5 41051
3 641
10 0191945909
9 814892066
4 8120
8 33896446
2 26
3 258
6 496242
9 558102424
4 4475
2 45
10 0179190752
9 980977804
4 9088
10 0911780889
3 868
9 354593131
4 6887
9 641718057
7 8298070
3 675
7 9685303
7 9338106
10 2042794047
6 731226
2 90
3 018
10 2033022050
6 920253
4 8328
9 473770333
5 28673
2 26
10 1997848663
10 1855236919
9 394877591
8 89729781
10 1632441881
3 440
5 41121
6 967155
8 30131194
3 357
5 19700
9 351537087
9 717973753
7 7349929
2 37
6 030690
10 0716608990
4 5337
2 61
9 536049476
10 0919045709
7 9493774
5 18639
4 8194
5 81807
8 53619429
10 0569079515
10 0573118591
7 2980289
6 688399
8 00330775
5 19779
10 1053535755
3 699
2 39
8 52060510
10 0067335148
9 953061831
2 66
10 0513103620
4 3282
9 534463936
7 4395918
6 972417
10 1010567400
7 9060085
6 928962
9 232870646
3 685
2 86
2 25
8 24135624
10 0337431233
7 8327160
3 186
2 29
9 010670181
3 617
5 88046
4 8658
9 555138555
6 186326
6 314960
5 48586
2 22
5 55973
2 69
7 5430972
5 21758
7 1136006
5 37968
6 421764
3 402
2 01
8 66855767
5 26598
8 89968003
7 2061839
10 0817102601
5 78313
5 75450
9 025779574
7 2542237
9 929341574
2 82
4 2291
8 52738816
2 52
2 36
2 22
2 12
2 78
2 50
6 887384
4 9847
9 879173527
7 9916336
7 8596369
6 680000
10 1072638920
7 3448228
5 53437
6 125266
9 484325319
3 094
9 281710610
8 35021714
5 96226
10 0727234909
7 1738568
8 25649308
6 566407
7 8381548
10 0353056922
4 3424
3 283
8 27383406
9 572801400
6 346361
6 515079
10 0935645113
6 558965
8 76183881
5 53844
7 6438802
6 589899
3 859
2 11
6 351787
6 363956
8 03955575
6 099567
8 85368663
4 0358
7 1544039
8 74898535
6 653830
9 012888683
8 56029044
5 89205
8 20651291
3 661
4 1763
5 90910
8 55567557
3 113
2 09
4 4818
7 3422000
10 2014043552
10 0500203317
10 0107187895
4 2291
2 62
6 719106
2 35
2 25
8 35458900
7 6858373
8 55383891
6 121028
4 5415
3 037
2 65
10 0039168114
3 428
3 060
8 13744931
4 8901
5 88687
10 0822005614
9 760101109
2 23
10 1619898179
4 6171
8 56601778
10 1435603779
2 92
5 43780
2 57
8 75441430
5 99678
8 32811660
2 41
6 733456
6 037625
4 9455
2 61
5 15095
5 80074
9 303886215
3 169
10 1494365399
4 6514
8 72370422
4 3777
10 1782524408
9 802164694
5 14418
4 5685
8 91813768
9 096703296
7 3368396
8 94570154
4 4349
5 57461
10 0704564786
6 873262
10 0705360595
9 312272068
6 941199
6 575573
5 95653
8 04350731
9 057117859
3 297
6 256079
10 1930981203
5 54150
9 165724319
6 334291
4 1768
3 763
4 1966
2 59
7 1101080
10 1751376231
8 96457022
3 625
7 4514660
10 1498350523
2 64
10 0394482903
4 7430
5 80729
6 888258
8 70986235
10 0187846801
10 1526881409
9 434816709
9 915842801
2 84
4 4444
6 839974
7 0155112
9 376127906
2 44
9 650144942
5 56389
2 54
8 14913178
9 806668491
8 23290890
4 2412
6 224060
5 03925
4 3263
6 834951
7 2825267
5 84481
5 45911
9 399035071
7 3055757
3 056
5 05090
10 1873949265
4 8526
4 4034
3 402
6 874420
4 1919
5 73028
9 876972606
6 829242
5 99256
7 0327310
7 6042462
7 6367376
8 21058747
7 0326718
7 1742798
10 1838698457
10 0339926444
5 07092
5 45289
6 482013
2 14
8 57075096
6 295725
10 1104512099
2 14
2 01
6 718142
6 691448
10 1070705365
10 0916457078
2 01
8 96085839
7 7320731
7 0829144
6 123501
3 934
5 82551
9 029030288
10 0682231720
3 609
7 0898148
5 75715
5 19044
10 1625393180
4 5329
5 88925
3 499
9 727149128
9 482200401
4 1603
3 782
4 6317
2 19
3 313
5 28993
8 17219126
2 90
9 006759785
3 356
5 60248
2 28
6 192220
8 04656643
8 12950010
7 6352325
3 298
3 855
10 1638279145
2 21
10 2006643414
3 086
3 061
3 086
4 0014
4 4515
6 448480
5 78493
6 001223
10 0070014753
10 1014508532
10 1283075551
8 67041538
5 75797
2 32
6 331847
7 4417938
4 9192
4 5165
3 549
3 073
9 143498146
4 6212
4 9606
7 1628127
8 79871373
3 790
5 58841
6 540682
2 16
10 0325567010
3 514
7 5709200
6 864651
4 2688
9 597075897
7 1408968
9 760495668
7 7067035
4 5321
9 488782338
5 48174
2 71
7 9375808
4 8006
7 6464572
7 4049440
10 0357226316
8 83439496
6 965710
7 8540519
3 651
10 0381648355
8 15761021
8 55135297
3 256
4 9388
6 250467
9 648514798
7 1769069
2 05
9 944914173
7 7032432
7 8788290
8 09747809
2 17
3 960
3 168
8 65442139
9 049192057
3 883
8 69527776
2 96
6 749335
9 040437224
8 05163403
3 398
5 14378
8 04734417
9 887805462
9 328473022
6 286907
4 7100
7 7778002
2 17
10 0431275733
3 077
2 76
7 8614457
9 455071772
6 484568
2 62
7 5345455
10 0811086500
5 86162
8 87078451
2 95
8 70376870
6 922786
9 385065991
7 7641284
3 607
3 586
8 83893239
6 775248
3 077
8 04232891
3 487
5 80332
5 74572
4 0302
3 382
10 0016651086
3 649
9 734406477
4 9275
4 8069
7 8359827
4 3318
3 402
6 734430
6 071087
9 023202023
5 62021
6 281265
5 81554
7 6522320
7 7571521
3 541
4 7278
4 5515
2 84
7 9027140
10 0923715943
8 85907730
6 841729
8 69133177
4 2186
6 578446
5 50259
2 04
6 713983
2 54
6 185583
7 0007379
10 1000026718
2 71
5 09182
3 866
3 774
8 01402175
10 1967042461
6 676023
8 67903256
6 421559
7 3630532
7 7118033
6 923592
9 871662725
7 9451186
5 74742
4 5703
10 1624799460
9 622731529
3 067
2 27
4 3510
3 946
9 682935791
3 354
6 726069
2 18
5 38106
6 482941
5 50590
5 87288
4 4737
2 50
6 876932
5 36227
5 99434
4 7241
9 465446998
9 261658829
9 214402741
3 492
6 982773
3 265
8 90783025
7 1838063
8 95455391
5 91652
2 46
2 77
9 617502033
2 82
2 63
5 17115
4 6815
10 0244771603
3 479
3 720
10 0055102410
8 19301484
8 89945248
4 5403
8 35697603
2 67
9 256566309
10 2007329333
8 67191053
4 2513
10 0448732643
4 5329
9 718111924
9 707425368
8 72805029
9 153606711
10 1435816777
9 926309227
7 9080448
8 63679017
7 3488037
7 6369405
2 33
6 155392
4 7458
3 502
5 10237
3 912
2 17
7 7348268
5 77720
9 092825289
8 26379527
6 189228
5 95498
2 31
5 64382
10 1831054233
3 227
9 066019654
4 0234
5 19138
2 41
5 48984
10 1823896331
2 56
3 936
4 1254
2 14
9 598757143
6 958727
4 7500
4 8010
9 122694130
5 54063
4 8626
5 14941
9 599381121
7 1449168
2 44
9 788860062
4 2255
7 7866350
6 042165
10 0386360343
2 28
8 66827182
7 9674885
4 4366
2 34
10 1371082799
2 30
8 91123878
8 21766079
6 489361
5 34897
6 057628
9 486127125
8 66040662
7 6368794
3 599
5 52781
8 18463855
8 89840030
3 033
5 59354
8 17277278
5 26277
8 57447688
4 4202
5 11233
3 824
6 696252
9 169925544
2 92
5 70625
8 45198265
10 1948412676
4 7424
3 046
9 341660224
6 092641
5 27186
6 855010
7 0427628
10 0347428276
7 4754663
7 3340426
7 9677402
2 35
6 076661
6 909889
8 49830918
4 3399
8 68091624
5 95151
3 199
6 722054
5 23063
2 11
3 628
6 405904
7 9149340
9 515644560
3 301
6 636088
9 669288959
4 0241
2 94
4 0923
4 2790
8 83261071
10 0071250218
6 120374
8 55592894
9 801923973
2 25
5 09167
3 913
6 504659
6 251526
3 881
7 6203076
8 33176714
6 489466
2 94
5 73711
9 060810246
7 5374095
5 13563
5 57311
8 75998865
3 119
8 24263806
10 0957578111
3 598
7 1425565
6 370122
6 845305
6 249316
3 825
5 23381
10 0220253832
4 1169
2 04
5 27621
6 188622
8 52472856
9 342850870
7 3214125
2 79
9 302774970
7 3382907
4 4742
6 724632
7 4079336
10 1085253273
7 0212697
2 97
10 1503651384
4 1304
6 652969
9 795421844
9 445611371
3 191
4 8048
7 1518923
5 96419
10 0760654463
10 1672646395
5 11571
7 5227257
6 344801
8 57688301
10 1213606526
3 203
7 9135044
6 314108
4 7701
8 35345955
3 679
5 19563
6 073375
9 523720785
2 95
8 10623286
10 1098125615
4 6263
4 6851
6 300618
4 0602
3 559
10 0255662346
10 0291531591
6 309850
5 72940
4 7902
5 12483
8 65724837
8 65275468
5 33152
8 36959751
6 265650
5 61888
7 4656930
10 0860518582
4 9329
5 05883
3 864
10 0497108075
5 31373
4 2947
5 89871
10 0132869609
5 55051
8 75709393
9 479076535
7 1179676
10 1518375158
8 96447391
7 4320423
5 95974
5 54819
4 0484
7 5872036
10 0575294750
10 1386839575
5 25388
7 9993129
3 508
7 1056426
3 440
7 5155398
3 852
6 539385
10 1299078997
4 7569
3 617
7 4509533
9 851004073
6 197660
2 30
8 65486521
5 99387
5 54420
8 56976887
8 39246148
8 78276512
3 148
8 60448455
7 1739608
2 97
6 135128
2 18
6 052467
3 582
3 167
2 20
3 686
7 6020395
6 612054
3 657
7 9975961
4 6101
6 594886
9 062868346
4 4712
6 544375
9 684190110
9 181597205
10 0184436637
3 410
8 08816403
7 7449845
10 2123697637
4 6548
10 1078983874
3 597
8 56371079
9 074645001
2 58
2 11
4 2795
10 1140454863
9 577107832
5 88188
4 8208
6 486274
2 80
7 5193406
8 79439063
2 12
8 21296864
9 139899125
6 125460
4 3908
9 057090177
6 378089
5 44609
10 1938325879
8 16401374
7 7496912
4 4017
7 5666898
7 6952010
10 0043857918
9 464112963
7 7330363
4 8491
7 5594122
7 6806318
10 1330923370
9 439711453
4 9468
4 7116
2 04
3 118
7 7227129
3 307
4 8284
4 7036
6 397094
4 2284
3 178
2 49
8 38444727
4 4682
9 119208815
6 702261
2 97
2 83
6 986924
4 8822
4 0941
2 32
8 21522502
6 741780
10 0925827819
9 724163406
10 0042581192
3 297
4 5375
10 1502910369
4 5114
10 0625908826
10 1600514712
2 18
2 14
3 041
6 048726
4 0133
2 46
9 253007177
6 622329
5 98815
4 6344
7 9745794
7 0128444
2 62
8 27301498
9 637339926
9 850932601
6 350550
2 89
7 0787123
6 471768
3 195
5 21873
2 32
4 9661
10 0333780428
7 0605511
6 950428
9 908698738
9 013526570
5 16482
8 68849150
5 43493
8 92561651
8 04298643
5 10701
5 48734
5 59178
5 08973
4 1161
6 225161
10 1353077343
3 164
4 3684
6 023166
3 842
6 023102
8 56305084
7 0967396
9 019452033
10 1784731861
3 155
5 35335
10 1240867554
6 637447
3 647
9 212343010
9 395725984
10 0112563466
8 18382781
8 13996274
2 82
4 6320
8 89318676
8 42214454
8 15302460
4 3444
9 259059615
10 1751016300
5 45792
7 9642237
6 549059
2 81
2 74
3 416
4 7233
3 530
8 80679419
7 7514881
9 249722919
6 768806
7 1708355
2 46
6 703734
9 113211491
4 6097
10 1598737317
4 1680
8 75472903
10 1071315050
7 6768361
3 362
2 98
8 59654094
2 81
4 9071
6 918744
2 42
8 77425396
5 94440
3 306
5 06969
2 45
10 0025894777
8 01265456
3 324
5 98463
7 5485061
10 1291007172
7 6057646
7 9548873
8 46273493
6 180496
6 332412
2 67
6 759132
3 742
10 0597845600
2 55
5 59793
3 205
6 009432
7 8525156
8 80019283
4 6354
8 97562785
9 652116350
8 41231901
10 1009036817
2 43
6 723871
10 1119563409
7 0009733
4 6105
5 65739
9 031662803
10 1897726368
8 11280965
4 3081
4 6556
5 26233
2 19
3 972
2 34
4 2638
9 015153278
9 017518505
10 1032476827
4 2049
9 817731778
6 681535
9 665440084
9 295583168
4 8483
8 73054002
4 2037
4 0732
9 387539172
5 07729
10 0248970550
6 735236
2 81
3 515
7 3814683
10 0905692044
8 54306704
2 46
5 14186
6 984191
5 23164
9 873564060
2 81
4 3662
10 0141686553
6 017964
9 268940815
4 0931
3 645
9 937433156
6 620363
9 634917141
6 531484
5 06561
4 4153
3 692
9 112245297
9 634775224
9 065449897
3 088
4 9334
3 906
4 0604
10 0390046897
4 8637
7 3100929
8 75637957
7 9808772
2 09
8 63031464
5 22437
7 4693133
5 81260
4 6870
2 99
5 00313
7 7637363
4 5782
4 7409
8 02574569
5 25436
9 017527751
8 08726273
2 87
10 1138368209
7 9057397
10 1356113159
8 93091085
10 1320767943
10 0916358282
10 1914604266
3 228
6 185166
10 1867602300
3 394
2 74
10 0063401424
3 577
10 2013629249
9 334795631
7 3498768
6 120808
10 0015152615
7 5639051
8 58632553
8 39231154
7 3372280
5 11152
7 1502097
7 4676375
8 75839378
10 0015555027
2 27
8 11368499
10 1030025720
7 2909838
4 3512
8 58169120
10 0509275244
9 976123038
9 270838209
8 93660969
10 0000854279
4 0640
3 279
10 1302222220
3 717
3 812
7 4501203
10 0060597524
10 1404963794
8 00567764
2 60
3 138
8 67577760
3 755
5 09721
7 5142810
7 3103198
5 36728
5 36818
5 11839
6 452548
5 89383
10 1682326314
2 28
3 621
6 820119
10 1838334381
8 32610939
6 891786
5 60814
5 95770
5 98211
7 1479779
3 502
5 10240
2 37
5 24344
6 732893
2 80
9 574673472
9 273327417
2 36
8 89562553
9 522606643
6 113773
4 4902
9 044020138
2 68
10 1847954404
10 1835432867
4 8412
10 1031060138
10 0332712982
7 9116120
5 55656
9 472683268
3 239
7 7061224
3 783
7 8881835
4 8029
10 1786093804
3 554
4 8084
10 0598694795
3 308
8 40423713
6 168669
10 1280960181
4 9509
3 437
6 398910
5 84186
8 91366821
4 4354
10 0493206230
9 613268098
3 902
7 2784111
8 56900315
3 994
5 98466
5 58125
3 754
7 2884628
3 495
3 746
7 6480094
3 244
10 0079649254
5 11923
6 531685
6 671871
9 667503378
9 749786278
5 34889
10 1432927373
7 8476332
10 1129933195
3 509
10 0424892054
9 578358593
7 9969114
4 9733
6 685602
10 0540730661
8 78634472
9 602210251
9 705343638
3 678
8 51666378
5 23893
9 720579627
2 02
9 033761015
10 0498363349
4 5467
5 71870
10 1921560629
7 5332293
6 596943
8 75092813
6 841653
4 0463
6 049397
10 0848347912
5 79061
9 140825879
2 82
7 7704214
7 9486296
3 468
10 1922789506
5 59049
10 0442908646
8 26145423
3 649
3 356
4 7652
8 17130298
4 5666
8 39339177
5 66368
6 476120
10 0829719241
2 01
4 4250
2 04
6 430011
7 9936597
10 0322226748
2 98
4 6609
6 242404
3 831
9 866517663
4 3617
8 42493576
9 191054600
2 93
8 45666383
8 42495730
9 674029967
7 6500742
9 859774788
10 1626831340
2 64
7 7815286
2 49
5 15638
8 56979449
5 34277
6 722845
5 45756
10 0396530254
6 551286
2 47
2 23
7 0119103
8 68429197
7 6114409
9 636928132
6 485179
8 73571498
2 65
7 2698261
9 291753142
6 709033
9 120293097
3 433
10 1953870691
3 341
5 00792
6 230105
6 840681
9 854446490
5 52543
6 137915
8 83667098
9 995310555
8 64629254
4 6878
2 60
6 858383
6 743404
5 06860
9 187465592
10 2016907686
5 39517
7 8902631
10 0055346149
7 8967993
8 52272800
8 82252766
8 53331674
10 0554473514
8 40604843
7 6859676
9 398909007
5 62412
5 62580
10 0492782859
9 032345178
9 450710908
9 937861040
6 497598
6 511717
7 6022233
8 02087853
2 68
4 1025
6 413160
9 768051026
4 1123
9 980990896
5 28796
10 0880735512
3 353
2 52
6 081737
2 05
3 485
7 8561280
3 092
4 9422
5 01364
8 91855494
4 9020
5 87361
10 1131899257
10 1510666383
4 0790
6 456061
3 937
3 406
2 10
2 62
4 7838
5 64466
7 7903127
2 42
10 1344567039
2 20
2 60
6 828907
4 0043
3 874
9 401929889
6 725977
2 01
4 5852
6 487351
7 1744558
7 3956209
6 403471
5 71968
7 8412885
2 53
10 2000551419
8 02820039
9 479945634
6 908320
10 1301817267
6 977444
9 619283387
8 14138684
3 860
10 1809027807
5 37576
5 53147
3 409
8 88977660
4 0475
2 52
7 1537778
6 861277
3 725
3 273
6 124159
3 941
8 52055766
10 0393733139
8 72267013
2 96
3 666
4 5637
8 55561363
9 519008074
6 291615
10 1825906437
10 1844916969
4 5510
9 056053665
8 96952391
6 822204
5 85371
5 95662
6 200596
10 0281112160
8 82783618
10 0516287240
2 07
10 1805201609
2 94
2 12
4 1675
3 650
6 887080
5 12321
3 492
7 2810507
7 2528848
7 9698078
9 674301550
7 4813141
4 6417
4 3479
7 2948985
6 442410
5 91018
6 501715
3 155
10 1219696230
5 99033
3 762
9 745659429
9 312723740
7 2756144
6 434073
7 5748409
6 659214
3 949
9 478790203
7 7620486
2 66
6 619087
8 89190549
7 7118498
7 9517534
6 928035
2 08
4 7918
6 808445
8 23256319
9 004671756
7 3006086
9 232485907
6 386368
10 0882199321
6 541427
7 0234711
10 0250903872
3 460
6 344744
2 54
4 1643
9 111376596
6 668812
3 976
8 24943913
2 64
8 78125407
8 65336386
3 933
6 551333
2 99
3 226
3 657
10 1826279042
7 8096385
5 45181
8 43902312
3 941
3 172
10 0309528959
8 73558354
8 55833436
6 939994
2 40
8 73738233
10 0220512343
7 8565618
3 056
2 60
3 028
10 2071694747
6 817725
10 0112981692
4 4535
7 0771936
6 288301
9 778221370
5 46755
5 40615
7 5891348
7 7570920
5 86233
3 613
7 9462517
5 09739
9 734518270
