100
41 1771
55 246
56 377
73 320
82 1178
89 26
117 448
173 1190
232 135
244 888
246 841
247 1443
267 1437
290 486
317 879
352 1463
380 1341
393 1620
425 1813
435 49
517 1311
538 1896
544 109
549 276
550 1696
558 1054
582 1807
584 1634
599 696
640 86
661 1220
665 149
666 1402
681 269
747 604
769 1090
773 1830
783 870
851 865
869 1732
892 893
995 1763
998 1260
1031 968
1034 681
1064 1518
1095 36
1129 805
1132 940
1180 1001
1186 71
1194 490
1195 1977
1199 845
1203 1927
1235 355
1239 1913
1246 931
1253 821
1293 322
1331 1073
1343 1183
1356 225
1372 501
1388 396
1402 1217
1407 1873
1425 1990
1435 834
1441 107
1461 431
1462 1676
1464 251
1477 769
1494 813
1516 781
1519 1082
1541 1951
1560 556
1565 1192
1597 480
1660 1294
1664 1315
1678 1608
1695 54
1707 294
1720 1063
1782 1278
1799 1212
1803 1780
1818 1614
1837 424
1838 1337
1853 1693
1872 3
1936 601
1963 943
1984 743
1986 336
1996 442
