1000
72 87415
184 69533
339 60850
498 5895
586 59023
602 75483
641 81055
805 55605
862 79821
924 40815
1052 26869
1166 71810
1636 21729
1673 27297
1682 58826
1722 41919
1802 90964
1957 30900
1968 23505
2037 52398
2132 69489
2180 54526
2230 47125
2377 38321
2572 3020
2593 28163
2700 83514
2761 92187
2859 1041
3266 46190
3288 77986
3308 25268
3439 43506
3495 65157
3546 20696
3599 75632
3645 67966
3658 58292
3701 85442
3716 34068
3743 60979
4134 35723
4157 68293
4170 72178
4177 35410
4214 94891
4283 45792
4337 62415
4404 99454
4561 23624
4644 52366
4661 78027
4949 14550
4988 71639
5079 27851
5097 63902
5118 30566
5245 39314
5263 95511
5520 49612
5702 1266
5887 92779
5975 73483
5994 70044
6004 66020
6169 59137
6193 73506
6434 50036
6557 25028
6597 35678
6783 3616
7087 90054
7171 51366
7279 80774
7594 55951
7615 27429
7664 48851
7688 95984
7816 20109
7936 53652
7954 50078
8014 70524
8044 46870
8112 98186
8140 425
8193 6647
8255 6778
8337 60624
8382 74668
8392 45882
8469 40091
8488 74264
8518 94767
8631 83282
8749 88501
8867 32569
8987 54804
9167 17338
9456 56743
9520 22299
9550 95693
9634 24033
9833 76794
9919 18124
9993 96564
10002 15028
10264 3434
10305 82415
10740 44712
10759 86577
10773 66891
10783 38459
10819 34077
10987 81759
11044 81506
11067 15211
11354 9288
11362 72889
11386 11050
11490 23416
11576 23369
11586 3105
11717 21379
12242 7740
12331 11474
12487 52866
12730 52497
12779 16644
12843 37672
12865 11064
12868 87213
12875 23432
13370 61174
13454 87017
13744 4684
13795 76554
13814 14374
13815 17340
13855 27656
14050 73580
14075 77052
14080 80281
14406 36055
14658 8973
14995 56094
15130 80091
15147 8505
15215 15635
15429 54746
15460 10287
15519 77581
15545 47140
15610 46366
15823 60733
15839 83424
15872 67451
15975 11717
15982 85004
16068 24692
16300 73584
16443 28835
16584 35490
16598 80698
16633 83860
16794 36043
16854 65934
16891 1466
16951 15832
17200 97951
17212 44519
17227 86381
17235 56461
17386 19559
17425 48056
17683 1805
17961 15602
17980 65859
18221 81473
18298 23871
18305 62427
18424 93166
18940 21
19134 91814
19154 4376
19192 54679
19254 9178
19396 79268
19403 5322
19704 72637
19793 38546
19851 80460
19913 5489
19971 75993
19989 20342
19998 41522
20070 79111
20079 91685
20089 16787
20266 75739
20473 37471
20693 81005
20788 79706
20845 50447
20892 23986
20937 9091
21022 98527
21177 90060
21278 31275
21335 3013
21429 59139
21457 14151
21551 76237
21695 81768
21699 15986
21703 86101
22321 31483
22336 38280
22372 49346
22424 40858
22435 69026
22458 14404
22629 29637
22992 32654
23156 51330
23267 97967
23635 70264
24041 14406
24049 12120
24082 71534
24314 78887
24456 77030
24498 43077
24511 151
24544 86246
24563 32904
24567 92317
24657 96932
24833 7123
24922 39514
25008 99713
25184 33780
25269 92511
25429 90629
25460 66470
25549 90229
25569 17618
25573 48215
25598 48248
25627 86899
25645 3954
25720 27367
25764 92796
25801 96468
25804 98513
25902 47212
25952 60111
25987 19131
26013 71967
26367 38390
26785 76161
26814 6699
27043 54842
27284 53871
27299 66659
27334 60604
27356 52894
27448 24160
27567 22259
27691 41199
27798 44765
27827 65585
27924 2315
27963 87131
28043 92754
28102 84911
28115 15028
28414 5873
28422 79724
28526 68943
28565 73811
28623 6174
28855 57242
29163 7871
29174 46693
29287 33056
29439 67297
29462 47223
29697 58723
29739 90307
29956 93228
29977 38748
30246 88173
30276 69386
30489 65299
30504 6283
30524 19834
30728 7692
30835 10776
30978 85226
31091 44320
31146 78992
31216 4228
31379 48701
31425 55955
31468 59019
31556 32563
31619 54393
31738 56467
31786 15868
31864 80213
31924 57117
31933 45676
32020 89161
32055 90922
32118 82554
32195 87664
32314 71843
32494 71084
32603 49860
32668 66312
32672 98979
32674 79732
32869 1858
32882 45892
33165 44498
33204 4345
33286 6540
33488 28230
33507 29495
33539 79751
33594 18538
33689 57292
33911 48748
34023 29842
34183 40978
34202 94263
34327 66295
34364 76203
34470 48946
34515 26748
34577 64018
34709 21209
34786 83319
34872 6850
35099 62251
35274 705
35320 97842
35392 61150
35428 51507
35460 6106
35561 75550
35611 79875
35614 12221
35662 82548
35841 94168
35901 63633
36080 29618
36266 78924
36364 19348
36486 66006
36539 37328
36620 98330
36687 26418
36903 75026
36916 13367
36924 59181
36952 86783
36957 49291
37301 90109
37312 71643
37918 56665
38101 9958
38273 98022
38413 61327
38473 31645
38510 84396
38513 26133
38530 54452
38618 1649
38892 56133
39017 99568
39037 22748
39046 88665
39053 40806
39132 11373
39351 88647
39362 81451
39413 9755
39480 37590
39556 78952
39597 90995
39883 38849
39907 5820
39948 29468
40005 61303
40064 40822
40103 62889
40147 95826
40166 71759
40167 72586
40364 87151
40404 72686
40448 9834
40452 13596
40487 97669
40512 39125
40669 72106
40754 17520
40832 27522
40837 46812
40945 94163
41026 72823
41084 70909
41160 38306
41467 4475
41655 25549
41686 60898
41834 20657
41888 94655
41895 48587
42094 22427
42095 56441
42165 72740
42246 6825
42313 22228
42384 63408
42601 2474
42606 50878
42694 60651
42710 74159
42743 44229
42790 25069
42905 39760
43227 14495
43280 96418
43285 5142
43457 5895
43574 72250
43579 79905
43661 90949
43746 89214
43872 43499
43873 83934
43889 53023
44420 55945
44552 46406
44628 990
44761 91657
45032 27779
45096 84737
45168 19391
45187 92111
45260 99062
45274 10498
45445 79236
45569 34196
45578 78925
45594 84405
45627 88730
45646 20286
45881 79049
45940 19351
45969 73912
46028 63852
46164 37638
46315 17643
46391 26354
46489 68400
46608 40008
46689 1236
46958 80731
47118 88459
47253 96824
47282 45056
47315 68987
47344 83902
47685 27117
47728 5045
47783 46511
47813 30337
48131 32238
48145 71034
48280 41222
48349 60768
48365 86865
48523 7538
48689 98178
48841 99709
49021 86049
49128 41923
49283 58869
49351 76262
49472 60316
49514 30574
49650 89774
49813 62442
50116 81891
50248 62771
50418 53804
50496 59092
50654 67030
50685 15098
50846 39060
51034 11432
51041 85024
51044 46677
51092 11445
51132 22184
51166 4918
51176 87552
51201 66274
51240 68323
51361 36800
51467 67968
51591 27031
51627 63051
51655 62397
51760 32882
51917 27265
52018 34925
52118 57742
52200 74641
52227 63057
52386 53237
52461 90958
52566 26459
52607 62850
52617 15251
52743 25942
52869 96091
53085 42635
53190 81009
53308 72174
53355 95609
53704 59205
53718 13202
53939 67228
54202 29912
54221 31779
54456 41438
54463 27946
54468 86363
54501 64537
54548 32848
54612 95375
54743 78094
54780 29500
54823 68354
54906 63862
55018 76412
55412 29262
55462 54776
55488 13087
55497 76588
55518 32162
55532 94174
55751 35392
55779 36341
55788 48463
55955 67865
55976 87823
56161 63327
56276 36785
56426 90073
56452 84052
56498 20594
56566 69776
56594 6521
57071 17549
57127 7358
57139 63898
57243 4380
57257 47450
57263 4587
57277 63159
57292 65329
57411 87085
57587 89857
57659 3183
57745 6115
57754 65972
57878 47411
58020 13328
58087 54598
58120 68025
58246 39978
58363 42183
58387 74573
58472 39015
58550 65197
58660 24067
58668 29755
58683 23297
58813 30367
58885 16781
58893 4025
59046 88274
59143 67839
59210 93457
59326 5097
59448 35000
59454 13595
59555 35653
59723 64025
59810 5130
59902 32885
60028 64205
60084 90140
60142 52949
60269 93233
60301 56506
60424 56491
60481 11788
60587 35918
60878 53891
60906 54216
60917 96288
60936 53441
60953 33676
61008 61248
61106 55146
61190 7637
61193 8038
61250 84772
61326 82133
61412 14752
61452 7268
61488 84577
61613 47822
61677 13314
61739 2522
61926 71760
62086 55874
62169 55298
62413 72499
62447 51795
62507 16570
62651 10335
62805 35012
62808 45099
63113 97984
63259 7072
63670 43713
63799 73782
63820 21754
63841 51941
63871 68422
63977 30940
63994 85428
64160 29681
64477 41513
64559 5030
64760 50622
65085 65115
65315 98501
65391 85826
65466 29609
65573 5945
65624 82491
65677 84129
65708 60422
65815 61129
65831 33166
65856 3850
65975 42675
66084 18822
66180 80162
66412 5693
66682 12773
66712 10955
66751 20638
66860 40207
66885 11077
67040 85148
67186 48964
67239 97538
67341 10076
67476 59752
67502 68228
67894 3870
68036 78619
68064 86225
68108 39083
68252 8686
68316 19736
68372 11904
68392 94487
68398 65729
68445 90192
68529 62273
68536 17461
68569 85758
68575 18222
68674 29858
68685 61074
68734 53905
68752 58304
68755 64798
68913 55094
68928 90734
69006 49169
69617 1645
69645 96093
69709 90391
69850 26541
69954 81361
70055 29422
70263 96043
70545 56995
70589 80293
70612 7207
70736 8431
70757 60271
71000 39694
71016 49633
71048 30822
71108 98045
71141 5756
71220 6616
71231 80625
71263 67016
71296 81136
71325 63556
71444 69293
71617 71342
71646 65546
71701 79210
71736 55099
71760 54061
71824 33379
71934 25426
72124 65557
72208 29746
72295 46236
72320 13720
72478 8862
72648 66923
72676 20560
73019 67019
73106 48982
73126 4790
73139 67453
73239 84283
73273 75507
73292 45342
73363 28117
73367 7359
73428 16213
73450 94614
73612 22621
73738 71931
73744 47485
73964 69752
74002 48997
74121 26277
74161 510
74191 91320
74305 7162
74348 96952
74387 94215
74415 47290
74423 73629
74634 24818
74707 23220
74715 50004
74816 38906
75016 88093
75092 64102
75221 8026
75601 59673
75666 24498
75678 98811
75838 48270
75885 90368
76058 87802
76440 33039
76492 24976
76587 94666
76616 78961
76671 65270
76748 5230
76767 86277
76786 80998
76894 16958
77024 98005
77108 63984
77159 45269
77181 63425
77237 16708
77274 34986
77403 80474
77409 16642
77467 95499
77585 52643
77697 94001
77776 93519
77795 32369
77873 62509
77941 46162
78050 47537
78099 24916
78160 23503
78351 36827
78361 54367
78367 14541
78368 90565
78662 27454
78685 65900
78999 60406
79096 42048
79120 28005
79240 1011
79343 89840
79389 85204
79455 12317
79710 96906
79807 37652
79814 14337
79959 88460
79974 26038
80136 79467
80296 52298
80338 48323
80350 46271
80363 98712
80387 9066
80432 23757
80535 1849
80692 53175
80770 38677
80774 29092
80787 59965
80996 2148
81247 9441
81412 68448
81728 36473
81947 54768
82141 13416
82268 11357
82425 32434
82459 57618
82721 86853
82759 74074
82803 19919
82906 81424
82977 48442
83070 23221
83208 92845
83376 53452
83456 52666
83490 37770
83556 11883
83847 98786
83856 81263
83877 82468
83901 15152
84217 10534
84338 83825
84450 18930
84519 53520
84540 14652
84604 80741
84795 14235
84913 54560
85181 50682
85316 99723
85481 24343
85515 57286
85578 30544
85613 55861
85668 8248
85847 21286
86040 47636
86217 14885
86306 52787
86327 9531
86605 70662
86681 50180
86754 24744
86761 30375
86842 71490
86947 57511
86984 33581
87085 50688
87100 82146
87140 52425
87266 36096
87505 1335
87597 4878
87743 3110
87837 96170
88011 66566
88014 92099
88309 10465
88312 78641
88538 86651
88602 33658
88668 80889
88709 78581
88818 10681
89067 48950
89169 28733
89556 34732
89661 89495
89883 52668
90006 61854
90045 48391
90155 4821
90197 25674
90215 25882
90354 65807
90464 53247
90563 48637
90930 65870
91031 99752
91141 55194
91266 99668
91435 84065
91476 68383
91681 49841
91719 2107
91858 86094
91984 44644
92048 95108
92071 93688
92140 44447
92289 92983
92476 96076
92977 2414
93371 86397
93465 97006
93530 62436
93622 38142
93635 5632
93743 62356
93832 74514
93834 13485
93845 14251
94033 48765
94039 55096
94223 27163
94314 22127
94654 51004
94666 67001
94692 40155
94707 13810
94713 86643
94785 1994
94796 70019
94918 50113
94959 35051
95014 49717
95027 75710
95288 70417
95395 23315
95440 28295
95553 16868
95605 99835
95771 4286
95952 17895
96090 84193
96096 26305
96189 54591
96264 90911
96379 16453
96488 47766
96491 50721
96569 62865
96678 86746
96705 81366
96832 96800
96843 9019
96880 53274
96989 15060
97386 21866
97502 98646
97674 62794
97742 6833
97765 95681
98051 62421
98082 35562
98135 71917
98188 57122
98189 32754
98209 79658
98469 65310
98474 32180
98514 50386
98574 35830
98610 58156
98725 42365
98783 8049
99068 21737
99213 78664
99276 91233
99631 97359
99700 13591
99711 70911
99790 32300
99967 43709
