1287754494766
914726786404
914726786404
795673408564
795673408564
767894287068
767894287068
450418612828
450418612828
385707049089
370003963121
370003963121
369209364419
369209364419
369209364419
369209364419
369209364419
369209364419
213997915224
213997915224
213997915224
213997915224
213997915224
213997915224
213997915224
213997915224
213997915224
213997915224
213997915224
213997915224
213997915224
213997915224
151266370328
151266370328
151266370328
151266370328
151266370328
146290502883
146290502883
146290502883
146290502883
146290502883
146290502883
146290502883
146290502883
146290502883
146290502883
146290502883
146290502883
146290502883
146290502883
146290502883
146290502883
146290502883
146290502883
146290502883
146290502883
146290502883
116791701887
116791701887
116791701887
116791701887
116791701887
116791701887
116791701887
116791701887
116791701887
116791701887
116791701887
116791701887
116791701887
116791701887
116791701887
116791701887
116791701887
116791701887
116791701887
116791701887
116791701887
116791701887
116791701887
116791701887
116791701887
116791701887
116791701887
116791701887
116791701887
116791701887
116791701887
116791701887
116791701887
116791701887
116791701887
116791701887
116791701887
116791701887
116791701887
116791701887
116791701887
116791701887
116791701887
116791701887
116791701887
116791701887
116791701887
116791701887
116791701887
116791701887
116791701887
116791701887
116791701887
116791701887
116791701887
116791701887
116791701887
116791701887
116791701887
116791701887
116791701887
116791701887
116791701887
116791701887
116791701887
116791701887
116791701887
116791701887
116791701887
116791701887
116791701887
116791701887
116791701887
116791701887
116791701887
116791701887
116791701887
116791701887
116791701887
116791701887
116791701887
116791701887
116791701887
116791701887
116791701887
116791701887
116791701887
116791701887
116791701887
112865930395
58715235851
58715235851
58715235851
58715235851
58715235851
58715235851
58715235851
58715235851
58715235851
58715235851
58715235851
58715235851
58715235851
58715235851
58715235851
58715235851
58715235851
58715235851
58715235851
58715235851
58715235851
58715235851
58715235851
58715235851
58715235851
58715235851
58715235851
58715235851
36368159029
36368159029
36368159029
36368159029
36368159029
36368159029
36368159029
36368159029
36368159029
36368159029
36368159029
36368159029
36368159029
36368159029
36368159029
36368159029
36368159029
36368159029
36368159029
36368159029
36368159029
36368159029
36368159029
36368159029
36368159029
36368159029
36368159029
36368159029
36368159029
36368159029
36368159029
36368159029
36368159029
36368159029
36368159029
36368159029
36368159029
36368159029
36368159029
36368159029
36368159029
36368159029
36368159029
36368159029
36368159029
36368159029
36368159029
36368159029
36368159029
36368159029
36368159029
36368159029
36368159029
36368159029
36368159029
36368159029
36368159029
36368159029
36368159029
36368159029
36368159029
36368159029
36368159029
36368159029
36368159029
36368159029
36368159029
36368159029
36368159029
36368159029
36368159029
36368159029
36368159029
36368159029
36368159029
36368159029
36368159029
36368159029
36368159029
36368159029
36368159029
36368159029
36368159029
36368159029
36368159029
36368159029
36368159029
36368159029
36368159029
36368159029
36368159029
36368159029
36368159029
36368159029
36368159029
36368159029
36368159029
36368159029
36368159029
36368159029
36368159029
36368159029
36368159029
36368159029
36368159029
36368159029
36368159029
36368159029
36368159029
36368159029
36368159029
36368159029
36368159029
36368159029
36368159029
36368159029
36368159029
36368159029
36368159029
36368159029
36368159029
36368159029
36368159029
36368159029
36368159029
36368159029
36368159029
36368159029
36368159029
36368159029
36368159029
36368159029
36368159029
36368159029
36368159029
36368159029
36368159029
36368159029
36368159029
36368159029
36368159029
36368159029
36368159029
36368159029
36368159029
36368159029
36368159029
36368159029
36368159029
36368159029
36368159029
36368159029
36368159029
36368159029
36368159029
36368159029
36368159029
36368159029
36368159029
36368159029
36368159029
36368159029
36368159029
36368159029
36368159029
36368159029
36368159029
36368159029
26538926859
26538926859
26538926859
26538926859
26538926859
26538926859
26538926859
26538926859
26538926859
26538926859
26538926859
26538926859
26538926859
26538926859
26538926859
26538926859
26538926859
26538926859
26538926859
26538926859
26538926859
26538926859
26538926859
26538926859
26538926859
26538926859
26538926859
26538926859
26538926859
26538926859
26538926859
26538926859
26538926859
26538926859
26538926859
26538926859
26538926859
26538926859
26538926859
26538926859
26538926859
26538926859
26538926859
26538926859
26538926859
26538926859
26538926859
26538926859
26538926859
26538926859
26538926859
26538926859
26538926859
26538926859
26538926859
26538926859
26538926859
26538926859
26538926859
26538926859
26538926859
26538926859
26538926859
26538926859
26538926859
26538926859
23590157208
23590157208
23590157208
23590157208
23590157208
23590157208
23590157208
23590157208
23590157208
23590157208
23590157208
23590157208
23590157208
23590157208
23590157208
23590157208
23590157208
23590157208
23590157208
23590157208
23590157208
23590157208
23590157208
23590157208
23590157208
23590157208
23590157208
23590157208
23590157208
23590157208
23590157208
23590157208
23590157208
23590157208
23590157208
23590157208
23590157208
23590157208
23590157208
23590157208
23590157208
23590157208
23590157208
23590157208
23590157208
23590157208
23590157208
23590157208
23590157208
23590157208
23590157208
23590157208
23590157208
23590157208
23590157208
23590157208
23590157208
23590157208
23590157208
23590157208
23590157208
23590157208
23590157208
23590157208
23590157208
23590157208
23590157208
23590157208
23590157208
23590157208
23590157208
23590157208
23590157208
23590157208
23590157208
23590157208
23590157208
23590157208
23590157208
23590157208
23590157208
23590157208
23590157208
23590157208
23590157208
23590157208
23590157208
23590157208
23590157208
23590157208
