100 100
1 11 16 4 8 5 13 2 5 11 6 4 5 14 16 15 7 9 17 8 2 12 14 15 13 1 1 7 1 12 12 6 4 5 9 7 16 4 9 15 12 14 8 17 1 1 11 1 10 11 13 10 1 7 2 9 17 10 1 15 10 1 2 3 3 16 12 5 1 1 2 17 17 16 14 6 2 1 11 14 4 10 8 2 5 13 9 1 12 12 4 17 12 10 17 12 2 10 1 1 
11 42 3
56 58 2
16 78 1
39 40 2
2 4 2
42 91 4
38 75 5
10 40 3
4 44 1
7 86 2
60 62 1
19 59 2
37 91 3
66 80 4
74 84 2
44 89 4
5 50 3
78 97 3
23 36 3
18 53 5
15 50 1
62 78 4
23 31 5
12 40 1
60 79 3
1 13 1
73 94 1
20 41 1
13 52 3
52 85 5
64 91 5
50 55 2
4 61 1
38 98 4
87 97 4
8 69 1
51 100 1
26 33 5
27 84 1
32 64 4
67 73 5
44 87 1
18 30 1
9 46 3
58 82 1
49 90 3
12 99 1
17 76 3
37 66 4
78 86 5
32 97 1
20 47 1
59 61 3
84 85 3
40 71 3
12 57 2
11 79 1
9 54 5
18 51 3
43 43 2
56 65 5
33 47 4
4 35 1
70 92 5
17 31 1
31 97 4
28 48 5
20 65 3
18 83 1
3 76 1
27 59 4
51 97 5
91 95 1
42 52 1
13 87 2
24 51 2
38 83 2
29 65 4
1 18 4
46 94 1
25 27 5
63 68 5
19 33 1
39 64 2
37 80 1
36 64 1
8 58 4
46 73 4
23 39 1
38 39 5
20 63 4
6 10 3
9 77 1
16 19 1
52 78 2
33 98 2
6 63 1
56 86 5
25 86 2
95 100 3
